#qcalc	Icalc			   
0	1.50E+01			   
0.01	1.48E+01			   
0.02	1.40E+01			   
0.03	1.29E+01			   
0.04	1.13E+01			   
0.05	9.64E+00			   
0.06	7.85E+00			   
0.07	6.11E+00			   
0.08	4.51E+00			   
0.09	3.14E+00			   
0.1	2.03E+00			   
0.11	1.20E+00			   
0.12	6.24E-01			   
0.13	2.68E-01			   
0.14	8.15E-02			   
0.15	1.28E-02			   
0.16	1.31E-02			   
0.17	4.35E-02			   
0.18	7.68E-02			   
0.19	9.79E-02			   
0.2	1.02E-01			   
0.21	9.07E-02			   
0.22	7.04E-02			   
0.23	4.78E-02			   
0.24	2.86E-02			   
0.25	1.59E-02			   
0.26	1.04E-02			   
0.27	1.07E-02			   
0.28	1.43E-02			   
0.29	1.85E-02			   
0.3	2.14E-02			   
0.31	2.18E-02			   
0.32	1.97E-02			   
0.33	1.60E-02			   
0.34	1.17E-02			   
0.35	7.97E-03			   
0.36	5.58E-03			   
0.37	4.72E-03			   
0.38	5.17E-03			   
0.39	6.37E-03			   
0.4	7.70E-03			   
0.41	8.62E-03			   
0.42	8.83E-03			   
0.43	8.31E-03			   
0.44	7.28E-03			   
0.45	6.06E-03			   
0.46	5.00E-03			   
0.47	4.32E-03			   
0.48	4.10E-03			   
0.49	4.29E-03			   
0.5	4.71E-03			   
0.51	5.14E-03			   
0.52	5.42E-03			   
0.53	5.45E-03			   
0.54	5.23E-03			   
0.55	4.83E-03			   
0.56	4.39E-03			   
0.57	4.02E-03			   
0.58	3.81E-03			   
0.59	3.77E-03			   
0.6	3.89E-03			   
0.61	4.07E-03			   
0.62	4.24E-03			   
0.63	4.33E-03			   
0.64	4.30E-03			   
0.65	4.17E-03			   
0.66	3.98E-03			   
0.67	3.78E-03			   
0.68	3.63E-03			   
0.69	3.57E-03			   
0.7	3.59E-03			   
0.71	3.68E-03			   
0.72	3.79E-03			   
0.73	3.87E-03			   
0.74	3.91E-03			   
0.75	3.88E-03			   
0.76	3.79E-03			   
0.77	3.67E-03			   
0.78	3.56E-03			   
0.79	3.48E-03			   
0.8	3.45E-03			   
0.81	3.48E-03			   
0.82	3.54E-03			   
0.83	3.61E-03			   
0.84	3.66E-03			   
0.85	3.68E-03			   
0.86	3.65E-03			   
0.87	3.60E-03			   
0.88	3.52E-03			   
0.89	3.45E-03			   
0.9	3.40E-03			   
0.91	3.39E-03			   
0.92	3.41E-03			   
0.93	3.46E-03			   
0.94	3.51E-03			   
0.95	3.55E-03			   
0.96	3.56E-03			   
0.97	3.55E-03			   
0.98	3.51E-03			   
0.99	3.46E-03			   
1	3.41E-03			   
1.01	3.37E-03			   
1.02	3.36E-03			   
1.03	3.37E-03			   
1.04	3.41E-03			   
1.05	3.44E-03			   
1.06	3.47E-03			   
1.07	3.48E-03			   
1.08	3.48E-03			   
1.09	3.45E-03			   
1.1	3.41E-03			   
1.11	3.38E-03			   
1.12	3.35E-03			   
1.13	3.34E-03			   
1.14	3.35E-03			   
1.15	3.37E-03			   
1.16	3.40E-03			   
1.17	3.42E-03			   
1.18	3.44E-03			   
1.19	3.43E-03			   
1.2	3.42E-03			   
1.21	3.39E-03			   
1.22	3.37E-03			   
1.23	3.34E-03			   
1.24	3.33E-03			   
1.25	3.34E-03			   
1.26	3.35E-03			   
1.27	3.37E-03			   
1.28	3.39E-03			   
1.29	3.40E-03			   
1.3	3.40E-03			   
1.31	3.39E-03			   
1.32	3.37E-03			   
1.33	3.35E-03			   
1.34	3.34E-03			   
1.35	3.33E-03			   
1.36	3.33E-03			   
1.37	3.34E-03			   
1.38	3.36E-03			   
1.39	3.37E-03			   
1.4	3.38E-03			   
1.41	3.39E-03			   
1.42	3.38E-03			   
1.43	3.37E-03			   
1.44	3.35E-03			   
1.45	3.34E-03			   
1.46	3.33E-03			   
1.47	3.32E-03			   
1.48	3.33E-03			   
1.49	3.34E-03			   
1.5	3.36E-03			   
1.51	3.37E-03			   
1.52	3.37E-03			   
1.53	3.37E-03			   
1.54	3.36E-03			   
1.55	3.35E-03			   
1.56	3.33E-03			   
1.57	3.33E-03			   
1.58	3.32E-03			   
1.59	3.33E-03			   
1.6	3.34E-03			   
1.61	3.35E-03			   
1.62	3.36E-03			   
1.63	3.36E-03			   
1.64	3.36E-03			   
1.65	3.36E-03			   
1.66	3.35E-03			   
1.67	3.34E-03			   
1.68	3.33E-03			   
1.69	3.32E-03			   
1.7	3.32E-03			   
1.71	3.33E-03			   
1.72	3.34E-03			   
1.73	3.35E-03			   
1.74	3.35E-03			   
1.75	3.36E-03			   
1.76	3.35E-03			   
1.77	3.35E-03			   
1.78	3.34E-03			   
1.79	3.33E-03			   
1.8	3.33E-03			   
1.81	3.32E-03			   
1.82	3.33E-03			   
1.83	3.34E-03			   
1.84	3.34E-03			   
1.85	3.35E-03			   
1.86	3.35E-03			   
1.87	3.35E-03			   
1.88	3.35E-03			   
1.89	3.34E-03			   
1.9	3.33E-03			   
1.91	3.33E-03			   
1.92	3.32E-03			   
1.93	3.33E-03			   
1.94	3.33E-03			   
1.95	3.34E-03			   
1.96	3.35E-03			   
1.97	3.36E-03			   
1.98	3.36E-03			   
1.99	3.36E-03			   
2	3.35E-03			   
2.01	3.34E-03			   
2.02	3.34E-03			   
2.03	3.33E-03			   
2.04	3.34E-03			   
2.05	3.34E-03			   
2.06	3.35E-03			   
2.07	3.36E-03			   
2.08	3.36E-03			   
2.09	3.37E-03			   
2.1	3.37E-03			   
2.11	3.36E-03			   
2.12	3.36E-03			   
2.13	3.35E-03			   
2.14	3.35E-03			   
2.15	3.35E-03			   
2.16	3.36E-03			   
2.17	3.37E-03			   
2.18	3.38E-03			   
2.19	3.39E-03			   
2.2	3.40E-03			   
2.21	3.40E-03			   
2.22	3.40E-03			   
2.23	3.40E-03			   
2.24	3.39E-03			   
2.25	3.39E-03			   
2.26	3.39E-03			   
2.27	3.40E-03			   
2.28	3.41E-03			   
2.29	3.42E-03			   
2.3	3.43E-03			   
2.31	3.44E-03			   
2.32	3.45E-03			   
2.33	3.46E-03			   
2.34	3.46E-03			   
2.35	3.47E-03			   
2.36	3.48E-03			   
2.37	3.50E-03			   
2.38	3.53E-03			   
2.39	3.58E-03			   
2.4	3.63E-03			   
2.41	3.69E-03			   
2.42	3.74E-03			   
2.43	3.80E-03			   
2.44	3.87E-03			   
2.45	3.93E-03			   
2.46	4.01E-03			   
2.47	4.10E-03			   
2.48	4.21E-03			   
2.49	4.35E-03			   
2.5	4.51E-03			   
2.51	4.69E-03			   
2.52	4.90E-03			   
2.53	5.13E-03			   
2.54	5.39E-03			   
2.55	5.69E-03			   
2.56	6.04E-03			   
2.57	6.45E-03			   
2.58	6.96E-03			   
2.59	7.57E-03			   
2.6	8.29E-03			   
2.61	9.09E-03			   
2.62	9.96E-03			   
2.63	1.08E-02			   
2.64	1.17E-02			   
2.65	1.24E-02			   
2.66	1.29E-02			   
2.67	1.32E-02			   
2.68	1.32E-02			   
2.69	1.29E-02			   
2.7	1.24E-02			   
2.71	1.16E-02			   
2.72	1.08E-02			   
2.73	9.88E-03			   
2.74	9.01E-03			   
2.75	8.25E-03			   
2.76	7.64E-03			   
2.77	7.20E-03			   
2.78	6.92E-03			   
2.79	6.78E-03			   
2.8	6.72E-03			   
2.81	6.69E-03			   
2.82	6.65E-03			   
2.83	6.57E-03			   
2.84	6.44E-03			   
2.85	6.26E-03			   
2.86	6.04E-03			   
2.87	5.81E-03			   
2.88	5.61E-03			   
2.89	5.45E-03			   
2.9	5.36E-03			   
2.91	5.33E-03			   
2.92	5.36E-03			   
2.93	5.44E-03			   
2.94	5.54E-03			   
2.95	5.64E-03			   
2.96	5.74E-03			   
2.97	5.82E-03			   
2.98	5.88E-03			   
2.99	5.93E-03			   
3	5.98E-03			   
3.01	6.03E-03			   
3.02	6.09E-03			   
3.03	6.17E-03			   
3.04	6.25E-03			   
3.05	6.34E-03			   
3.06	6.41E-03			   
3.07	6.45E-03			   
3.08	6.47E-03			   
3.09	6.44E-03			   
3.1	6.37E-03			   
3.11	6.25E-03			   
3.12	6.11E-03			   
3.13	5.94E-03			   
3.14	5.75E-03			   
3.15	5.55E-03			   
3.16	5.36E-03			   
3.17	5.17E-03			   
3.18	4.99E-03			   
3.19	4.83E-03			   
3.2	4.68E-03			   
3.21	4.54E-03			   
3.22	4.42E-03			   
3.23	4.32E-03			   
3.24	4.23E-03			   
3.25	4.16E-03			   
3.26	4.09E-03			   
3.27	4.04E-03			   
3.28	3.98E-03			   
3.29	3.93E-03			   
3.3	3.88E-03			   
3.31	3.83E-03			   
3.32	3.78E-03			   
3.33	3.74E-03			   
3.34	3.69E-03			   
3.35	3.66E-03			   
3.36	3.63E-03			   
3.37	3.61E-03			   
3.38	3.60E-03			   
3.39	3.58E-03			   
3.4	3.57E-03			   
3.41	3.56E-03			   
3.42	3.55E-03			   
3.43	3.54E-03			   
3.44	3.52E-03			   
3.45	3.50E-03			   
3.46	3.49E-03			   
3.47	3.48E-03			   
3.48	3.47E-03			   
3.49	3.46E-03			   
3.5	3.46E-03			   
3.51	3.47E-03			   
3.52	3.47E-03			   
3.53	3.47E-03			   
3.54	3.47E-03			   
3.55	3.46E-03			   
3.56	3.45E-03			   
3.57	3.44E-03			   
3.58	3.43E-03			   
3.59	3.42E-03			   
3.6	3.42E-03			   
3.61	3.42E-03			   
3.62	3.42E-03			   
3.63	3.42E-03			   
3.64	3.42E-03			   
3.65	3.43E-03			   
3.66	3.42E-03			   
3.67	3.42E-03			   
3.68	3.42E-03			   
3.69	3.41E-03			   
3.7	3.40E-03			   
3.71	3.40E-03			   
3.72	3.39E-03			   
3.73	3.39E-03			   
3.74	3.40E-03			   
3.75	3.40E-03			   
3.76	3.41E-03			   
3.77	3.42E-03			   
3.78	3.42E-03			   
3.79	3.42E-03			   
3.8	3.42E-03			   
3.81	3.41E-03			   
3.82	3.41E-03			   
3.83	3.40E-03			   
3.84	3.39E-03			   
3.85	3.39E-03			   
3.86	3.39E-03			   
3.87	3.39E-03			   
3.88	3.40E-03			   
3.89	3.41E-03			   
3.9	3.42E-03			   
3.91	3.42E-03			   
3.92	3.43E-03			   
3.93	3.44E-03			   
3.94	3.44E-03			   
3.95	3.44E-03			   
3.96	3.44E-03			   
3.97	3.43E-03			   
3.98	3.43E-03			   
3.99	3.43E-03			   
4	3.43E-03			   
4.01	3.43E-03			   
4.02	3.44E-03			   
4.03	3.45E-03			   
4.04	3.47E-03			   
4.05	3.49E-03			   
4.06	3.51E-03			   
4.07	3.53E-03			   
4.08	3.55E-03			   
4.09	3.57E-03			   
4.1	3.58E-03			   
4.11	3.60E-03			   
4.12	3.61E-03			   
4.13	3.62E-03			   
4.14	3.64E-03			   
4.15	3.67E-03			   
4.16	3.70E-03			   
4.17	3.75E-03			   
4.18	3.80E-03			   
4.19	3.86E-03			   
4.2	3.93E-03			   
4.21	3.99E-03			   
4.22	4.05E-03			   
4.23	4.11E-03			   
4.24	4.17E-03			   
4.25	4.24E-03			   
4.26	4.32E-03			   
4.27	4.41E-03			   
4.28	4.53E-03			   
4.29	4.66E-03			   
4.3	4.81E-03			   
4.31	4.96E-03			   
4.32	5.11E-03			   
4.33	5.23E-03			   
4.34	5.34E-03			   
4.35	5.40E-03			   
4.36	5.44E-03			   
4.37	5.44E-03			   
4.38	5.41E-03			   
4.39	5.37E-03			   
4.4	5.31E-03			   
4.41	5.24E-03			   
4.42	5.18E-03			   
4.43	5.11E-03			   
4.44	5.04E-03			   
4.45	4.96E-03			   
4.46	4.87E-03			   
4.47	4.77E-03			   
4.48	4.66E-03			   
4.49	4.54E-03			   
4.5	4.42E-03			   
4.51	4.31E-03			   
4.52	4.20E-03			   
4.53	4.12E-03			   
4.54	4.05E-03			   
4.55	4.00E-03			   
4.56	3.96E-03			   
4.57	3.93E-03			   
4.58	3.90E-03			   
4.59	3.88E-03			   
4.6	3.85E-03			   
4.61	3.82E-03			   
4.62	3.79E-03			   
4.63	3.76E-03			   
4.64	3.73E-03			   
4.65	3.71E-03			   
4.66	3.68E-03			   
4.67	3.66E-03			   
4.68	3.64E-03			   
4.69	3.63E-03			   
4.7	3.61E-03			   
4.71	3.60E-03			   
4.72	3.59E-03			   
4.73	3.59E-03			   
4.74	3.58E-03			   
4.75	3.58E-03			   
4.76	3.58E-03			   
4.77	3.58E-03			   
4.78	3.58E-03			   
4.79	3.59E-03			   
4.8	3.59E-03			   
4.81	3.60E-03			   
4.82	3.62E-03			   
4.83	3.63E-03			   
4.84	3.66E-03			   
4.85	3.68E-03			   
4.86	3.71E-03			   
4.87	3.75E-03			   
4.88	3.79E-03			   
4.89	3.83E-03			   
4.9	3.88E-03			   
4.91	3.93E-03			   
4.92	3.99E-03			   
4.93	4.05E-03			   
4.94	4.11E-03			   
4.95	4.17E-03			   
4.96	4.24E-03			   
4.97	4.31E-03			   
4.98	4.38E-03			   
4.99	4.46E-03			   
5	4.54E-03			   
5.01	4.64E-03			   
5.02	4.75E-03			   
5.03	4.87E-03			   
5.04	5.01E-03			   
5.05	5.16E-03			   
5.06	5.32E-03			   
5.07	5.47E-03			   
5.08	5.63E-03			   
5.09	5.77E-03			   
5.1	5.89E-03			   
5.11	5.97E-03			   
5.12	6.02E-03			   
5.13	6.04E-03			   
5.14	6.01E-03			   
5.15	5.94E-03			   
5.16	5.85E-03			   
5.17	5.74E-03			   
5.18	5.61E-03			   
5.19	5.48E-03			   
5.2	5.35E-03			   
5.21	5.24E-03			   
5.22	5.14E-03			   
5.23	5.07E-03			   
5.24	5.01E-03			   
5.25	4.97E-03			   
5.26	4.94E-03			   
5.27	4.92E-03			   
5.28	4.90E-03			   
5.29	4.88E-03			   
5.3	4.85E-03			   
5.31	4.81E-03			   
5.32	4.77E-03			   
5.33	4.71E-03			   
5.34	4.64E-03			   
5.35	4.56E-03			   
5.36	4.46E-03			   
5.37	4.36E-03			   
5.38	4.25E-03			   
5.39	4.14E-03			   
5.4	4.03E-03			   
5.41	3.94E-03			   
5.42	3.85E-03			   
5.43	3.78E-03			   
5.44	3.73E-03			   
5.45	3.69E-03			   
5.46	3.66E-03			   
5.47	3.65E-03			   
5.48	3.64E-03			   
5.49	3.63E-03			   
5.5	3.61E-03			   
5.51	3.60E-03			   
5.52	3.57E-03			   
5.53	3.55E-03			   
5.54	3.52E-03			   
5.55	3.49E-03			   
5.56	3.46E-03			   
5.57	3.44E-03			   
5.58	3.43E-03			   
5.59	3.42E-03			   
5.6	3.42E-03			   
5.61	3.43E-03			   
5.62	3.43E-03			   
5.63	3.44E-03			   
5.64	3.44E-03			   
5.65	3.44E-03			   
5.66	3.44E-03			   
5.67	3.43E-03			   
5.68	3.42E-03			   
5.69	3.41E-03			   
5.7	3.39E-03			   
5.71	3.38E-03			   
5.72	3.38E-03			   
5.73	3.37E-03			   
5.74	3.37E-03			   
5.75	3.37E-03			   
5.76	3.37E-03			   
5.77	3.37E-03			   
5.78	3.37E-03			   
5.79	3.37E-03			   
5.8	3.37E-03			   
5.81	3.37E-03			   
5.82	3.37E-03			   
5.83	3.37E-03			   
5.84	3.37E-03			   
5.85	3.37E-03			   
5.86	3.37E-03			   
5.87	3.37E-03			   
5.88	3.37E-03			   
5.89	3.37E-03			   
5.9	3.38E-03			   
5.91	3.38E-03			   
5.92	3.38E-03			   
5.93	3.38E-03			   
5.94	3.38E-03			   
5.95	3.39E-03			   
5.96	3.39E-03			   
5.97	3.39E-03			   
5.98	3.40E-03			   
5.99	3.40E-03			   
6	3.41E-03			   
6.01	3.41E-03			   
6.02	3.42E-03			   
6.03	3.43E-03			   
6.04	3.43E-03			   
6.05	3.44E-03			   
6.06	3.45E-03			   
6.07	3.46E-03			   
6.08	3.47E-03			   
6.09	3.48E-03			   
6.1	3.49E-03			   
6.11	3.51E-03			   
6.12	3.52E-03			   
6.13	3.54E-03			   
6.14	3.55E-03			   
6.15	3.56E-03			   
6.16	3.58E-03			   
6.17	3.58E-03			   
6.18	3.59E-03			   
6.19	3.59E-03			   
6.2	3.59E-03			   
6.21	3.59E-03			   
6.22	3.58E-03			   
6.23	3.57E-03			   
6.24	3.56E-03			   
6.25	3.54E-03			   
6.26	3.53E-03			   
6.27	3.52E-03			   
6.28	3.51E-03			   
6.29	3.50E-03			   
6.3	3.49E-03			   
6.31	3.49E-03			   
6.32	3.48E-03			   
6.33	3.48E-03			   
6.34	3.48E-03			   
6.35	3.48E-03			   
6.36	3.47E-03			   
6.37	3.47E-03			   
6.38	3.47E-03			   
6.39	3.47E-03			   
6.4	3.47E-03			   
6.41	3.47E-03			   
6.42	3.47E-03			   
6.43	3.47E-03			   
6.44	3.48E-03			   
6.45	3.49E-03			   
6.46	3.49E-03			   
6.47	3.50E-03			   
6.48	3.51E-03			   
6.49	3.52E-03			   
6.5	3.53E-03			   
6.51	3.55E-03			   
6.52	3.56E-03			   
6.53	3.58E-03			   
6.54	3.59E-03			   
6.55	3.61E-03			   
6.56	3.63E-03			   
6.57	3.64E-03			   
6.58	3.66E-03			   
6.59	3.68E-03			   
6.6	3.70E-03			   
6.61	3.72E-03			   
6.62	3.75E-03			   
6.63	3.78E-03			   
6.64	3.81E-03			   
6.65	3.85E-03			   
6.66	3.90E-03			   
6.67	3.94E-03			   
6.68	3.99E-03			   
6.69	4.04E-03			   
6.7	4.08E-03			   
6.71	4.12E-03			   
6.72	4.16E-03			   
6.73	4.20E-03			   
6.74	4.23E-03			   
6.75	4.26E-03			   
6.76	4.28E-03			   
6.77	4.30E-03			   
6.78	4.31E-03			   
6.79	4.32E-03			   
6.8	4.32E-03			   
6.81	4.32E-03			   
6.82	4.32E-03			   
6.83	4.32E-03			   
6.84	4.33E-03			   
6.85	4.35E-03			   
6.86	4.37E-03			   
6.87	4.40E-03			   
6.88	4.44E-03			   
6.89	4.46E-03			   
6.9	4.48E-03			   
6.91	4.48E-03			   
6.92	4.46E-03			   
6.93	4.42E-03			   
6.94	4.36E-03			   
6.95	4.28E-03			   
6.96	4.19E-03			   
6.97	4.09E-03			   
6.98	4.00E-03			   
6.99	3.92E-03			   
7	3.85E-03			   
7.01	3.80E-03			   
7.02	3.75E-03			   
7.03	3.72E-03			   
7.04	3.70E-03			   
7.05	3.68E-03			   
7.06	3.66E-03			   
7.07	3.63E-03			   
7.08	3.61E-03			   
7.09	3.58E-03			   
7.1	3.55E-03			   
7.11	3.53E-03			   
7.12	3.50E-03			   
7.13	3.48E-03			   
7.14	3.46E-03			   
7.15	3.45E-03			   
7.16	3.44E-03			   
7.17	3.43E-03			   
7.18	3.43E-03			   
7.19	3.43E-03			   
7.2	3.42E-03			   
7.21	3.42E-03			   
7.22	3.42E-03			   
7.23	3.42E-03			   
7.24	3.43E-03			   
7.25	3.43E-03			   
7.26	3.43E-03			   
7.27	3.43E-03			   
7.28	3.43E-03			   
7.29	3.43E-03			   
7.3	3.43E-03			   
7.31	3.44E-03			   
7.32	3.44E-03			   
7.33	3.44E-03			   
7.34	3.45E-03			   
7.35	3.45E-03			   
7.36	3.46E-03			   
7.37	3.47E-03			   
7.38	3.48E-03			   
7.39	3.49E-03			   
7.4	3.49E-03			   
7.41	3.50E-03			   
7.42	3.51E-03			   
7.43	3.52E-03			   
7.44	3.53E-03			   
7.45	3.54E-03			   
7.46	3.55E-03			   
7.47	3.56E-03			   
7.48	3.58E-03			   
7.49	3.59E-03			   
7.5	3.61E-03			   
7.51	3.64E-03			   
7.52	3.66E-03			   
7.53	3.68E-03			   
7.54	3.70E-03			   
7.55	3.72E-03			   
7.56	3.73E-03			   
7.57	3.73E-03			   
7.58	3.73E-03			   
7.59	3.73E-03			   
7.6	3.72E-03			   
7.61	3.70E-03			   
7.62	3.68E-03			   
7.63	3.65E-03			   
7.64	3.63E-03			   
7.65	3.61E-03			   
7.66	3.59E-03			   
7.67	3.57E-03			   
7.68	3.56E-03			   
7.69	3.55E-03			   
7.7	3.54E-03			   
7.71	3.53E-03			   
7.72	3.52E-03			   
7.73	3.51E-03			   
7.74	3.51E-03			   
7.75	3.50E-03			   
7.76	3.49E-03			   
7.77	3.49E-03			   
7.78	3.49E-03			   
7.79	3.50E-03			   
7.8	3.50E-03			   
7.81	3.51E-03			   
7.82	3.52E-03			   
7.83	3.53E-03			   
7.84	3.53E-03			   
7.85	3.54E-03			   
7.86	3.55E-03			   
7.87	3.55E-03			   
7.88	3.55E-03			   
7.89	3.56E-03			   
7.9	3.56E-03			   
7.91	3.57E-03			   
7.92	3.58E-03			   
7.93	3.60E-03			   
7.94	3.62E-03			   
7.95	3.64E-03			   
7.96	3.67E-03			   
7.97	3.70E-03			   
7.98	3.72E-03			   
7.99	3.75E-03			   
8	3.77E-03			   
8.01	3.78E-03			   
8.02	3.79E-03			   
8.03	3.78E-03			   
8.04	3.77E-03			   
8.05	3.75E-03			   
8.06	3.73E-03			   
8.07	3.70E-03			   
8.08	3.67E-03			   
8.09	3.64E-03			   
8.1	3.60E-03			   
8.11	3.58E-03			   
8.12	3.55E-03			   
8.13	3.53E-03			   
8.14	3.51E-03			   
8.15	3.50E-03			   
8.16	3.48E-03			   
8.17	3.47E-03			   
8.18	3.47E-03			   
8.19	3.46E-03			   
8.2	3.45E-03			   
8.21	3.44E-03			   
8.22	3.43E-03			   
8.23	3.42E-03			   
8.24	3.42E-03			   
8.25	3.41E-03			   
8.26	3.40E-03			   
8.27	3.40E-03			   
8.28	3.39E-03			   
8.29	3.39E-03			   
8.3	3.38E-03			   
8.31	3.38E-03			   
8.32	3.38E-03			   
8.33	3.37E-03			   
8.34	3.37E-03			   
8.35	3.37E-03			   
8.36	3.36E-03			   
8.37	3.36E-03			   
8.38	3.36E-03			   
8.39	3.35E-03			   
8.4	3.35E-03			   
8.41	3.35E-03			   
8.42	3.35E-03			   
8.43	3.35E-03			   
8.44	3.35E-03			   
8.45	3.35E-03			   
8.46	3.35E-03			   
8.47	3.35E-03			   
8.48	3.35E-03			   
8.49	3.36E-03			   
8.5	3.36E-03			   
8.51	3.36E-03			   
8.52	3.36E-03			   
8.53	3.36E-03			   
8.54	3.36E-03			   
8.55	3.36E-03			   
8.56	3.36E-03			   
8.57	3.36E-03			   
8.58	3.37E-03			   
8.59	3.37E-03			   
8.6	3.37E-03			   
8.61	3.37E-03			   
8.62	3.37E-03			   
8.63	3.37E-03			   
8.64	3.37E-03			   
8.65	3.38E-03			   
8.66	3.38E-03			   
8.67	3.38E-03			   
8.68	3.39E-03			   
8.69	3.39E-03			   
8.7	3.39E-03			   
8.71	3.40E-03			   
8.72	3.40E-03			   
8.73	3.40E-03			   
8.74	3.40E-03			   
8.75	3.40E-03			   
8.76	3.40E-03			   
8.77	3.40E-03			   
8.78	3.40E-03			   
8.79	3.40E-03			   
8.8	3.40E-03			   
8.81	3.40E-03			   
8.82	3.40E-03			   
8.83	3.40E-03			   
8.84	3.40E-03			   
8.85	3.40E-03			   
8.86	3.40E-03			   
8.87	3.41E-03			   
8.88	3.41E-03			   
8.89	3.42E-03			   
8.9	3.43E-03			   
8.91	3.43E-03			   
8.92	3.44E-03			   
8.93	3.45E-03			   
8.94	3.46E-03			   
8.95	3.46E-03			   
8.96	3.47E-03			   
8.97	3.48E-03			   
8.98	3.49E-03			   
8.99	3.50E-03			   
9	3.51E-03			   
9.01	3.52E-03			   
9.02	3.53E-03			   
9.03	3.54E-03			   
9.04	3.55E-03			   
9.05	3.57E-03			   
9.06	3.58E-03			   
9.07	3.60E-03			   
9.08	3.62E-03			   
9.09	3.63E-03			   
9.1	3.65E-03			   
9.11	3.67E-03			   
9.12	3.68E-03			   
9.13	3.69E-03			   
9.14	3.69E-03			   
9.15	3.70E-03			   
9.16	3.70E-03			   
9.17	3.69E-03			   
9.18	3.68E-03			   
9.19	3.68E-03			   
9.2	3.67E-03			   
9.21	3.66E-03			   
9.22	3.65E-03			   
9.23	3.64E-03			   
9.24	3.64E-03			   
9.25	3.63E-03			   
9.26	3.63E-03			   
9.27	3.62E-03			   
9.28	3.62E-03			   
9.29	3.61E-03			   
9.3	3.60E-03			   
9.31	3.59E-03			   
9.32	3.58E-03			   
9.33	3.56E-03			   
9.34	3.54E-03			   
9.35	3.52E-03			   
9.36	3.51E-03			   
9.37	3.49E-03			   
9.38	3.48E-03			   
9.39	3.47E-03			   
9.4	3.46E-03			   
9.41	3.45E-03			   
9.42	3.44E-03			   
9.43	3.44E-03			   
9.44	3.44E-03			   
9.45	3.43E-03			   
9.46	3.43E-03			   
9.47	3.42E-03			   
9.48	3.42E-03			   
9.49	3.41E-03			   
9.5	3.40E-03			   
9.51	3.39E-03			   
9.52	3.39E-03			   
9.53	3.38E-03			   
9.54	3.38E-03			   
9.55	3.38E-03			   
9.56	3.38E-03			   
9.57	3.38E-03			   
9.58	3.38E-03			   
9.59	3.38E-03			   
9.6	3.38E-03			   
9.61	3.39E-03			   
9.62	3.39E-03			   
9.63	3.39E-03			   
9.64	3.39E-03			   
9.65	3.39E-03			   
9.66	3.38E-03			   
9.67	3.38E-03			   
9.68	3.39E-03			   
9.69	3.39E-03			   
9.7	3.39E-03			   
9.71	3.39E-03			   
9.72	3.40E-03			   
9.73	3.40E-03			    
9.74	3.40E-03			   
9.75	3.41E-03			   
9.76	3.41E-03			   
9.77	3.41E-03			   
9.78	3.41E-03			   
9.79	3.41E-03			   
9.8	3.41E-03			   
9.81	3.41E-03			   
9.82	3.40E-03			   
9.83	3.40E-03			   
9.84	3.40E-03			   
9.85	3.39E-03			   
9.86	3.39E-03			   
9.87	3.38E-03			   
9.88	3.38E-03			   
9.89	3.38E-03			   
9.9	3.38E-03			   
9.91	3.38E-03			   
9.92	3.38E-03			   
9.93	3.38E-03			   
9.94	3.38E-03			   
9.95	3.38E-03			   
9.96	3.38E-03			   
9.97	3.38E-03			   
9.98	3.38E-03			   
9.99	3.38E-03			   
10	3.38E-03			   
10.01	3.39E-03			   
10.02	3.39E-03			   
10.03	3.39E-03			   
10.04	3.39E-03			   
10.05	3.39E-03			   
10.06	3.40E-03			   
10.07	3.40E-03			   
10.08	3.40E-03			   
10.09	3.41E-03			   
10.1	3.41E-03			   
10.11	3.41E-03			   
10.12	3.42E-03			   
10.13	3.42E-03			   
10.14	3.42E-03			   
10.15	3.42E-03			   
10.16	3.42E-03			   
10.17	3.42E-03			   
10.18	3.42E-03			   
10.19	3.42E-03			   
10.2	3.42E-03			   
10.21	3.42E-03			   
10.22	3.42E-03			   
10.23	3.41E-03			   
10.24	3.41E-03			   
10.25	3.41E-03			   
10.26	3.41E-03			   
10.27	3.40E-03			   
10.28	3.40E-03			   
10.29	3.39E-03			   
10.3	3.39E-03			   
10.31	3.39E-03			   
10.32	3.38E-03			   
10.33	3.38E-03			   
10.34	3.37E-03			   
10.35	3.37E-03			   
10.36	3.37E-03			   
10.37	3.36E-03			   
10.38	3.36E-03			   
10.39	3.35E-03			   
10.4	3.35E-03			   
10.41	3.35E-03			   
10.42	3.35E-03			   
10.43	3.34E-03			   
10.44	3.34E-03			   
10.45	3.34E-03			   
10.46	3.34E-03			   
10.47	3.34E-03			   
10.48	3.34E-03			   
10.49	3.34E-03			   
10.5	3.34E-03			   
10.51	3.34E-03			   
10.52	3.34E-03			   
10.53	3.34E-03			   
10.54	3.34E-03			   
10.55	3.34E-03			   
10.56	3.33E-03			   
10.57	3.33E-03			   
10.58	3.33E-03			   
10.59	3.33E-03			   
10.6	3.33E-03			   
10.61	3.33E-03			   
10.62	3.33E-03			   
10.63	3.33E-03			   
10.64	3.33E-03			   
10.65	3.33E-03			   
10.66	3.33E-03			   
10.67	3.33E-03			   
10.68	3.34E-03			   
10.69	3.34E-03			   
10.7	3.34E-03			   
10.71	3.34E-03			   
10.72	3.34E-03			   
10.73	3.34E-03			   
10.74	3.34E-03			   
10.75	3.34E-03			   
10.76	3.34E-03			   
10.77	3.34E-03			   
10.78	3.34E-03			   
10.79	3.35E-03			   
10.8	3.35E-03			   
10.81	3.35E-03			   
10.82	3.35E-03			   
10.83	3.35E-03			   
10.84	3.35E-03			   
10.85	3.35E-03			   
10.86	3.36E-03			   
10.87	3.36E-03			   
10.88	3.36E-03			   
10.89	3.36E-03			   
10.9	3.36E-03			   
10.91	3.37E-03			   
10.92	3.37E-03			   
10.93	3.37E-03			   
10.94	3.37E-03			   
10.95	3.38E-03			   
10.96	3.38E-03			   
10.97	3.38E-03			   
10.98	3.39E-03			   
10.99	3.39E-03			   
11	3.39E-03			   
11.01	3.40E-03			   
11.02	3.40E-03			   
11.03	3.40E-03			   
11.04	3.41E-03			   
11.05	3.41E-03			   
11.06	3.40E-03			   
11.07	3.40E-03			   
11.08	3.40E-03			   
11.09	3.39E-03			   
11.1	3.39E-03			   
11.11	3.39E-03			   
11.12	3.38E-03			   
11.13	3.38E-03			   
11.14	3.38E-03			   
11.15	3.38E-03			   
11.16	3.38E-03			   
11.17	3.38E-03			   
11.18	3.38E-03			   
11.19	3.37E-03			   
11.2	3.37E-03			   
11.21	3.37E-03			   
11.22	3.36E-03			   
11.23	3.36E-03			   
11.24	3.36E-03			   
11.25	3.35E-03			   
11.26	3.35E-03			   
11.27	3.35E-03			   
11.28	3.35E-03			   
11.29	3.36E-03			   
11.3	3.36E-03			   
11.31	3.36E-03			   
11.32	3.36E-03			   
11.33	3.36E-03			   
11.34	3.36E-03			   
11.35	3.36E-03			   
11.36	3.36E-03			   
11.37	3.36E-03			   
11.38	3.36E-03			   
11.39	3.36E-03			   
11.4	3.36E-03			   
11.41	3.36E-03			   
11.42	3.36E-03			   
11.43	3.36E-03			   
11.44	3.35E-03			   
11.45	3.35E-03			   
11.46	3.35E-03			   
11.47	3.36E-03			   
11.48	3.36E-03			   
11.49	3.36E-03			   
11.5	3.36E-03			   
11.51	3.37E-03			   
11.52	3.37E-03			   
11.53	3.37E-03			   
11.54	3.37E-03			   
11.55	3.38E-03			   
11.56	3.38E-03			   
11.57	3.38E-03			   
11.58	3.38E-03			   
11.59	3.38E-03			   
11.6	3.38E-03			   
11.61	3.37E-03			   
11.62	3.37E-03			   
11.63	3.37E-03			   
11.64	3.36E-03			   
11.65	3.36E-03			   
11.66	3.36E-03			   
11.67	3.36E-03			   
11.68	3.36E-03			   
11.69	3.36E-03			   
11.7	3.36E-03			   
11.71	3.36E-03			   
11.72	3.36E-03			   
11.73	3.36E-03			   
11.74	3.36E-03			   
11.75	3.36E-03			   
11.76	3.36E-03			   
11.77	3.36E-03			   
11.78	3.36E-03			   
11.79	3.36E-03			   
11.8	3.36E-03			   
11.81	3.36E-03			   
11.82	3.37E-03			   
11.83	3.37E-03			   
11.84	3.37E-03			   
11.85	3.37E-03			   
11.86	3.38E-03			   
11.87	3.38E-03			   
11.88	3.38E-03			   
11.89	3.38E-03			   
11.9	3.37E-03			   
11.91	3.37E-03			   
11.92	3.37E-03			   
11.93	3.36E-03			   
11.94	3.36E-03			   
11.95	3.35E-03			   
11.96	3.35E-03			   
11.97	3.34E-03			   
11.98	3.34E-03			   
11.99	3.34E-03			   
12	3.34E-03			   
12.01	3.34E-03			   
12.02	3.33E-03			   
12.03	3.33E-03			   
12.04	3.33E-03			   
12.05	3.33E-03			   
12.06	3.33E-03			   
12.07	3.33E-03			   
12.08	3.33E-03			   
12.09	3.32E-03			   
12.1	3.32E-03			   
12.11	3.32E-03			   
12.12	3.32E-03			   
12.13	3.32E-03			   
12.14	3.32E-03			   
12.15	3.32E-03			   
12.16	3.32E-03			   
12.17	3.32E-03			   
12.18	3.32E-03			   
12.19	3.32E-03			   
12.2	3.32E-03			   
12.21	3.32E-03			   
12.22	3.32E-03			   
12.23	3.32E-03			   
12.24	3.32E-03			   
12.25	3.31E-03			   
12.26	3.31E-03			   
12.27	3.31E-03			   
12.28	3.31E-03			   
12.29	3.31E-03			   
12.3	3.31E-03			   
12.31	3.31E-03			   
12.32	3.31E-03			   
12.33	3.31E-03			   
12.34	3.31E-03			   
12.35	3.31E-03			   
12.36	3.31E-03			   
12.37	3.31E-03			   
12.38	3.31E-03			   
12.39	3.31E-03			   
12.4	3.31E-03			   
12.41	3.31E-03			   
12.42	3.31E-03			   
12.43	3.31E-03			   
12.44	3.31E-03			   
12.45	3.31E-03			   
12.46	3.31E-03			   
12.47	3.32E-03			   
12.48	3.32E-03			   
12.49	3.32E-03			   
12.5	3.32E-03			   
12.51	3.32E-03			   
12.52	3.32E-03			   
12.53	3.32E-03			   
12.54	3.32E-03			   
12.55	3.32E-03			   
12.56	3.32E-03			   
12.57	3.32E-03			   
12.58	3.32E-03			   
12.59	3.32E-03			   
12.6	3.32E-03			   
12.61	3.33E-03			   
12.62	3.33E-03			   
12.63	3.33E-03			   
12.64	3.33E-03			   
12.65	3.33E-03			   
12.66	3.33E-03			   
12.67	3.33E-03			   
12.68	3.33E-03			   
12.69	3.33E-03			   
12.7	3.33E-03			   
12.71	3.34E-03			   
12.72	3.34E-03			   
12.73	3.34E-03			   
12.74	3.34E-03			   
12.75	3.33E-03			   
12.76	3.33E-03			   
12.77	3.33E-03			   
12.78	3.33E-03			   
12.79	3.33E-03			   
12.8	3.33E-03			   
12.81	3.33E-03			   
12.82	3.33E-03			   
12.83	3.33E-03			   
12.84	3.32E-03			   
12.85	3.32E-03			   
12.86	3.32E-03			   
12.87	3.32E-03			   
12.88	3.32E-03			   
12.89	3.32E-03			   
12.9	3.32E-03			   
12.91	3.32E-03			   
12.92	3.32E-03			   
12.93	3.32E-03			   
12.94	3.32E-03			   
12.95	3.32E-03			   
12.96	3.32E-03			   
12.97	3.32E-03			   
12.98	3.32E-03			   
12.99	3.32E-03			   
13	3.32E-03			   
13.01	3.32E-03			   
13.02	3.32E-03			   
13.03	3.32E-03			   
13.04	3.32E-03			   
13.05	3.32E-03			   
13.06	3.33E-03			   
13.07	3.33E-03			   
13.08	3.33E-03			   
13.09	3.33E-03			   
13.1	3.33E-03			   
13.11	3.33E-03			   
13.12	3.33E-03			   
13.13	3.33E-03			   
13.14	3.33E-03			   
13.15	3.33E-03			   
13.16	3.33E-03			   
13.17	3.32E-03			   
13.18	3.32E-03			   
13.19	3.32E-03			   
13.2	3.32E-03			   
13.21	3.32E-03			   
13.22	3.32E-03			   
13.23	3.32E-03			   
13.24	3.32E-03			   
13.25	3.32E-03			   
13.26	3.32E-03			   
13.27	3.32E-03			   
13.28	3.32E-03			   
13.29	3.32E-03			   
13.3	3.32E-03			   
13.31	3.32E-03			   
13.32	3.32E-03			   
13.33	3.32E-03			   
13.34	3.32E-03			   
13.35	3.32E-03			   
13.36	3.32E-03			   
13.37	3.32E-03			   
13.38	3.32E-03			   
13.39	3.32E-03			   
13.4	3.32E-03			   
13.41	3.32E-03			   
13.42	3.32E-03			   
13.43	3.32E-03			   
13.44	3.32E-03			   
13.45	3.32E-03			   
13.46	3.32E-03			   
13.47	3.32E-03			   
13.48	3.32E-03			   
13.49	3.32E-03			   
13.5	3.32E-03			   
13.51	3.32E-03			   
13.52	3.32E-03			   
13.53	3.32E-03			   
13.54	3.32E-03			   
13.55	3.31E-03			   
13.56	3.31E-03			   
13.57	3.31E-03			   
13.58	3.31E-03			   
13.59	3.31E-03			   
13.6	3.31E-03			   
13.61	3.31E-03			   
13.62	3.31E-03			   
13.63	3.31E-03			   
13.64	3.31E-03			   
13.65	3.31E-03			   
13.66	3.31E-03			   
13.67	3.31E-03			   
13.68	3.31E-03			   
13.69	3.31E-03			   
13.7	3.31E-03			   
13.71	3.31E-03			   
13.72	3.31E-03			   
13.73	3.31E-03			   
13.74	3.31E-03			   
13.75	3.31E-03			   
13.76	3.31E-03			   
13.77	3.31E-03			   
13.78	3.32E-03			   
13.79	3.32E-03			   
13.8	3.32E-03			   
13.81	3.32E-03			   
13.82	3.32E-03			   
13.83	3.32E-03			   
13.84	3.32E-03			   
13.85	3.32E-03			   
13.86	3.32E-03			   
13.87	3.32E-03			   
13.88	3.32E-03			   
13.89	3.32E-03			   
13.9	3.32E-03			   
13.91	3.32E-03			   
13.92	3.32E-03			   
13.93	3.32E-03			   
13.94	3.32E-03			   
13.95	3.32E-03			   
13.96	3.32E-03			   
13.97	3.32E-03			   
13.98	3.32E-03			   
13.99	3.32E-03			   
14	3.32E-03			   
14.01	3.32E-03			   
14.02	3.32E-03			   
14.03	3.32E-03			   
14.04	3.32E-03			   
14.05	3.32E-03			   
14.06	3.32E-03			   
14.07	3.32E-03			   
14.08	3.32E-03			   
14.09	3.32E-03			   
14.1	3.32E-03			   
14.11	3.32E-03			   
14.12	3.32E-03			   
14.13	3.32E-03			   
14.14	3.32E-03			   
14.15	3.32E-03			   
14.16	3.32E-03			   
14.17	3.32E-03			   
14.18	3.32E-03			   
14.19	3.32E-03			   
14.2	3.32E-03			   
14.21	3.32E-03			   
14.22	3.31E-03			   
14.23	3.31E-03			   
14.24	3.31E-03			   
14.25	3.31E-03			   
14.26	3.31E-03			   
14.27	3.31E-03			   
14.28	3.31E-03			   
14.29	3.31E-03			   
14.3	3.31E-03			   
14.31	3.31E-03			   
14.32	3.31E-03			   
14.33	3.31E-03			   
14.34	3.31E-03			   
14.35	3.31E-03			   
14.36	3.31E-03			   
14.37	3.31E-03			   
14.38	3.31E-03			   
14.39	3.31E-03			   
14.4	3.31E-03			   
14.41	3.31E-03			   
14.42	3.31E-03			   
14.43	3.31E-03			   
14.44	3.31E-03			   
14.45	3.31E-03			   
14.46	3.31E-03			   
14.47	3.31E-03			   
14.48	3.31E-03			   
14.49	3.31E-03			   
14.5	3.31E-03			   
14.51	3.31E-03			   
14.52	3.31E-03			   
14.53	3.31E-03			   
14.54	3.31E-03			   
14.55	3.31E-03			   
14.56	3.31E-03			   
14.57	3.31E-03			   
14.58	3.31E-03			   
14.59	3.31E-03			   
14.6	3.31E-03			   
14.61	3.31E-03			   
14.62	3.31E-03			   
14.63	3.31E-03			   
14.64	3.31E-03			   
14.65	3.31E-03			   
14.66	3.31E-03			   
14.67	3.31E-03			   
14.68	3.31E-03			   
14.69	3.31E-03			   
14.7	3.31E-03			   
14.71	3.31E-03			   
14.72	3.31E-03			   
14.73	3.31E-03			   
14.74	3.31E-03			   
14.75	3.31E-03			   
14.76	3.31E-03			   
14.77	3.31E-03			   
14.78	3.31E-03			   
14.79	3.31E-03			   
14.8	3.31E-03			   
14.81	3.31E-03			   
14.82	3.31E-03			   
14.83	3.31E-03			   
14.84	3.31E-03			   
14.85	3.30E-03			   
14.86	3.30E-03			   
14.87	3.30E-03			   
14.88	3.30E-03			   
14.89	3.30E-03			   
14.9	3.30E-03			   
14.91	3.30E-03			   
14.92	3.30E-03			   
14.93	3.30E-03			   
14.94	3.30E-03			   
14.95	3.30E-03			   
14.96	3.30E-03			   
14.97	3.30E-03			   
14.98	3.30E-03			   
14.99	3.30E-03			   
15	3.30E-03			   
15.01	3.30E-03			   
15.02	3.30E-03			   
15.03	3.30E-03			   
15.04	3.31E-03			   
15.05	3.31E-03			   
15.06	3.31E-03			   
15.07	3.31E-03			   
15.08	3.31E-03			   
15.09	3.31E-03			   
15.1	3.31E-03			   
15.11	3.31E-03			   
15.12	3.31E-03			   
15.13	3.31E-03			   
15.14	3.31E-03			   
15.15	3.31E-03			   
15.16	3.31E-03			   
15.17	3.31E-03			   
15.18	3.31E-03			   
15.19	3.31E-03			   
15.2	3.31E-03			   
15.21	3.31E-03			   
15.22	3.31E-03			   
15.23	3.31E-03			   
15.24	3.31E-03			   
15.25	3.31E-03			   
15.26	3.31E-03			   
15.27	3.31E-03			   
15.28	3.31E-03			   
15.29	3.31E-03			   
15.3	3.31E-03			   
15.31	3.31E-03			   
15.32	3.31E-03			   
15.33	3.31E-03			   
15.34	3.31E-03			   
15.35	3.31E-03			   
15.36	3.31E-03			   
15.37	3.31E-03			   
15.38	3.31E-03			   
15.39	3.31E-03			   
15.4	3.31E-03			   
15.41	3.31E-03			   
15.42	3.31E-03			   
15.43	3.31E-03			   
15.44	3.31E-03			   
15.45	3.31E-03			   
15.46	3.31E-03			   
15.47	3.31E-03			   
15.48	3.31E-03			   
15.49	3.31E-03			   
15.5	3.31E-03			   
15.51	3.31E-03			   
15.52	3.31E-03			   
15.53	3.31E-03			   
15.54	3.31E-03			   
15.55	3.31E-03			   
15.56	3.31E-03			   
15.57	3.31E-03			   
15.58	3.31E-03			   
15.59	3.31E-03			   
15.6	3.31E-03			   
15.61	3.31E-03			   
15.62	3.31E-03			   
15.63	3.31E-03			   
15.64	3.31E-03			   
15.65	3.31E-03			   
15.66	3.31E-03			   
15.67	3.31E-03			   
15.68	3.31E-03			   
15.69	3.31E-03			   
15.7	3.31E-03			   
15.71	3.31E-03			   
15.72	3.31E-03			   
15.73	3.31E-03			   
15.74	3.31E-03			   
15.75	3.31E-03			   
15.76	3.31E-03			   
15.77	3.31E-03			   
15.78	3.31E-03			   
15.79	3.31E-03			   
15.8	3.31E-03			   
15.81	3.31E-03			   
15.82	3.31E-03			   
15.83	3.31E-03			   
15.84	3.31E-03			   
15.85	3.31E-03			   
15.86	3.31E-03			   
15.87	3.31E-03			   
15.88	3.31E-03			   
15.89	3.31E-03			   
15.9	3.31E-03			   
15.91	3.31E-03			   
15.92	3.31E-03			   
15.93	3.31E-03			   
15.94	3.31E-03			   
15.95	3.31E-03			   
15.96	3.31E-03			   
15.97	3.31E-03			   
15.98	3.31E-03			   
15.99	3.31E-03			   
16	3.31E-03			   
16.01	3.31E-03			   
16.02	3.31E-03			   
16.03	3.31E-03			   
16.04	3.31E-03			   
16.05	3.31E-03			   
16.06	3.30E-03			   
16.07	3.30E-03			   
16.08	3.30E-03			   
16.09	3.30E-03			   
16.1	3.30E-03			   
16.11	3.30E-03			   
16.12	3.30E-03			   
16.13	3.30E-03			   
16.14	3.30E-03			   
16.15	3.30E-03			   
16.16	3.30E-03			   
16.17	3.30E-03			   
16.18	3.30E-03			   
16.19	3.30E-03			   
16.2	3.30E-03			   
16.21	3.30E-03			   
16.22	3.30E-03			   
16.23	3.30E-03			   
16.24	3.30E-03			   
16.25	3.30E-03			   
16.26	3.30E-03			    
16.27	3.30E-03			   
16.28	3.30E-03			   
16.29	3.30E-03			   
16.3	3.30E-03			   
16.31	3.30E-03			   
16.32	3.30E-03			   
16.33	3.30E-03			   
16.34	3.30E-03			   
16.35	3.30E-03			   
16.36	3.30E-03			   
16.37	3.30E-03			   
16.38	3.30E-03			   
16.39	3.30E-03			   
16.4	3.30E-03			   
16.41	3.30E-03			   
16.42	3.30E-03			   
16.43	3.30E-03			   
16.44	3.30E-03			   
16.45	3.30E-03			   
16.46	3.30E-03			   
16.47	3.30E-03			   
16.48	3.30E-03			   
16.49	3.30E-03			   
16.5	3.30E-03			   
16.51	3.30E-03			   
16.52	3.30E-03			   
16.53	3.30E-03			   
16.54	3.30E-03			   
16.55	3.30E-03			   
16.56	3.30E-03			   
16.57	3.30E-03			   
16.58	3.30E-03			   
16.59	3.30E-03			   
16.6	3.30E-03			   
16.61	3.30E-03			   
16.62	3.30E-03			   
16.63	3.30E-03			   
16.64	3.30E-03			   
16.65	3.30E-03			   
16.66	3.30E-03			   
16.67	3.30E-03			   
16.68	3.30E-03			   
16.69	3.30E-03			   
16.7	3.30E-03			   
16.71	3.30E-03			   
16.72	3.30E-03			   
16.73	3.30E-03			   
16.74	3.30E-03			   
16.75	3.30E-03			   
16.76	3.30E-03			   
16.77	3.30E-03			   
16.78	3.30E-03			   
16.79	3.30E-03			   
16.8	3.30E-03			   
16.81	3.30E-03			   
16.82	3.30E-03			   
16.83	3.30E-03			   
16.84	3.30E-03			   
16.85	3.30E-03			   
16.86	3.30E-03			   
16.87	3.30E-03			   
16.88	3.30E-03			   
16.89	3.30E-03			   
16.9	3.30E-03			   
16.91	3.30E-03			   
16.92	3.30E-03			   
16.93	3.30E-03			   
16.94	3.30E-03			   
16.95	3.30E-03			   
16.96	3.30E-03			   
16.97	3.30E-03			   
16.98	3.30E-03			   
16.99	3.30E-03			   
17	3.30E-03			   
17.01	3.30E-03			   
17.02	3.30E-03			   
17.03	3.30E-03			   
17.04	3.30E-03			   
17.05	3.30E-03			   
17.06	3.30E-03			   
17.07	3.30E-03			   
17.08	3.30E-03			   
17.09	3.30E-03			   
17.1	3.30E-03			   
17.11	3.30E-03			   
17.12	3.30E-03			   
17.13	3.30E-03			   
17.14	3.30E-03			   
17.15	3.30E-03			   
17.16	3.30E-03			   
17.17	3.30E-03			   
17.18	3.30E-03			   
17.19	3.30E-03			   
17.2	3.30E-03			   
17.21	3.30E-03			   
17.22	3.30E-03			   
17.23	3.30E-03			   
17.24	3.30E-03			   
17.25	3.30E-03			   
17.26	3.30E-03			   
17.27	3.30E-03			   
17.28	3.30E-03			   
17.29	3.30E-03			   
17.3	3.30E-03			   
17.31	3.30E-03			   
17.32	3.30E-03			   
17.33	3.30E-03			   
17.34	3.30E-03			   
17.35	3.30E-03			   
17.36	3.30E-03			   
17.37	3.30E-03			   
17.38	3.30E-03			   
17.39	3.30E-03			   
17.4	3.30E-03			   
17.41	3.30E-03			   
17.42	3.30E-03			   
17.43	3.30E-03			   
17.44	3.30E-03			   
17.45	3.30E-03			   
17.46	3.30E-03			   
17.47	3.30E-03			   
17.48	3.30E-03			   
17.49	3.30E-03			   
17.5	3.30E-03			   
17.51	3.30E-03			   
17.52	3.30E-03			   
17.53	3.30E-03			   
17.54	3.30E-03			   
17.55	3.30E-03			   
17.56	3.30E-03			   
17.57	3.30E-03			   
17.58	3.30E-03			   
17.59	3.30E-03			   
17.6	3.30E-03			   
17.61	3.30E-03			   
17.62	3.30E-03			   
17.63	3.30E-03			   
17.64	3.30E-03			   
17.65	3.30E-03			   
17.66	3.30E-03			   
17.67	3.30E-03			   
17.68	3.30E-03			   
17.69	3.30E-03			   
17.7	3.30E-03			   
17.71	3.30E-03			   
17.72	3.30E-03			   
17.73	3.30E-03			   
17.74	3.30E-03			   
17.75	3.30E-03			   
17.76	3.30E-03			   
17.77	3.30E-03			   
17.78	3.30E-03			   
17.79	3.30E-03			   
17.8	3.30E-03			   
17.81	3.30E-03			   
17.82	3.30E-03			   
17.83	3.30E-03			   
17.84	3.30E-03			   
17.85	3.30E-03			   
17.86	3.30E-03			   
17.87	3.30E-03			   
17.88	3.30E-03			   
17.89	3.30E-03			   
17.9	3.30E-03			   
17.91	3.30E-03			   
17.92	3.30E-03			   
17.93	3.30E-03			   
17.94	3.30E-03			   
17.95	3.30E-03			   
17.96	3.30E-03			   
17.97	3.30E-03			   
17.98	3.30E-03			   
17.99	3.30E-03			   
18	3.30E-03			   
18.01	3.30E-03			   
18.02	3.30E-03			   
18.03	3.30E-03			   
18.04	3.30E-03			   
18.05	3.30E-03			   
18.06	3.30E-03			   
18.07	3.30E-03			   
18.08	3.30E-03			   
18.09	3.30E-03			   
18.1	3.30E-03			   
18.11	3.30E-03			   
18.12	3.30E-03			   
18.13	3.30E-03			   
18.14	3.30E-03			   
18.15	3.30E-03			   
18.16	3.30E-03			   
18.17	3.30E-03			   
18.18	3.30E-03			   
18.19	3.30E-03			   
18.2	3.30E-03			   
18.21	3.30E-03			   
18.22	3.30E-03			   
18.23	3.30E-03			   
18.24	3.30E-03			   
18.25	3.30E-03			   
18.26	3.30E-03			   
18.27	3.30E-03			   
18.28	3.30E-03			   
18.29	3.30E-03			   
18.3	3.30E-03			   
18.31	3.30E-03			   
18.32	3.30E-03			   
18.33	3.30E-03			   
18.34	3.30E-03			   
18.35	3.30E-03			   
18.36	3.30E-03			   
18.37	3.30E-03			   
18.38	3.30E-03			   
18.39	3.30E-03			   
18.4	3.30E-03			   
18.41	3.30E-03			   
18.42	3.30E-03			   
18.43	3.30E-03			   
18.44	3.30E-03			   
18.45	3.30E-03			   
18.46	3.30E-03			   
18.47	3.30E-03			   
18.48	3.30E-03			   
18.49	3.30E-03			   
18.5	3.30E-03			   
18.51	3.30E-03			   
18.52	3.30E-03			   
18.53	3.30E-03			   
18.54	3.30E-03			   
18.55	3.30E-03			   
18.56	3.30E-03			   
18.57	3.30E-03			   
18.58	3.30E-03			   
18.59	3.30E-03			   
18.6	3.30E-03			   
18.61	3.30E-03			   
18.62	3.30E-03			   
18.63	3.30E-03			   
18.64	3.30E-03			   
18.65	3.30E-03			   
18.66	3.30E-03			   
18.67	3.30E-03			   
18.68	3.30E-03			   
18.69	3.30E-03			   
18.7	3.30E-03			   
18.71	3.30E-03			   
18.72	3.30E-03			   
18.73	3.30E-03			   
18.74	3.30E-03			   
18.75	3.30E-03			   
18.76	3.30E-03			   
18.77	3.30E-03			   
18.78	3.30E-03			   
18.79	3.30E-03			   
18.8	3.30E-03			   
18.81	3.30E-03			   
18.82	3.30E-03			   
18.83	3.30E-03			   
18.84	3.30E-03			   
18.85	3.30E-03			   
18.86	3.30E-03			   
18.87	3.30E-03			   
18.88	3.30E-03			   
18.89	3.30E-03			   
18.9	3.30E-03			   
18.91	3.30E-03			   
18.92	3.30E-03			   
18.93	3.30E-03			   
18.94	3.30E-03			   
18.95	3.30E-03			   
18.96	3.30E-03			   
18.97	3.30E-03			   
18.98	3.30E-03			   
18.99	3.30E-03			   
19	3.30E-03			   
19.01	3.30E-03			   
19.02	3.30E-03			   
19.03	3.30E-03			   
19.04	3.30E-03			   
19.05	3.30E-03			   
19.06	3.30E-03			   
19.07	3.30E-03			   
19.08	3.30E-03			   
19.09	3.30E-03			   
19.1	3.30E-03			   
19.11	3.30E-03			   
19.12	3.30E-03			   
19.13	3.30E-03			   
19.14	3.30E-03			   
19.15	3.30E-03			   
19.16	3.30E-03			   
19.17	3.30E-03			   
19.18	3.30E-03			   
19.19	3.30E-03			   
19.2	3.30E-03			   
19.21	3.30E-03			   
19.22	3.30E-03			   
19.23	3.30E-03			   
19.24	3.30E-03			   
19.25	3.30E-03			   
19.26	3.30E-03			   
19.27	3.30E-03			   
19.28	3.30E-03			   
19.29	3.30E-03			   
19.3	3.30E-03			   
19.31	3.30E-03			   
19.32	3.30E-03			   
19.33	3.30E-03			   
19.34	3.30E-03			   
19.35	3.30E-03			   
19.36	3.30E-03			   
19.37	3.30E-03			   
19.38	3.30E-03			   
19.39	3.30E-03			   
19.4	3.30E-03			   
19.41	3.30E-03			   
19.42	3.30E-03			   
19.43	3.30E-03			   
19.44	3.30E-03			   
19.45	3.30E-03			   
19.46	3.30E-03			   
19.47	3.30E-03			   
19.48	3.30E-03			   
19.49	3.30E-03			   
19.5	3.30E-03			   
19.51	3.30E-03			   
19.52	3.30E-03			   
19.53	3.30E-03			   
19.54	3.30E-03			   
19.55	3.30E-03			   
19.56	3.30E-03			   
19.57	3.30E-03			   
19.58	3.30E-03			   
19.59	3.30E-03			   
19.6	3.30E-03			   
19.61	3.30E-03			   
19.62	3.30E-03			   
19.63	3.30E-03			   
19.64	3.30E-03			   
19.65	3.30E-03			   
19.66	3.30E-03			   
19.67	3.30E-03			   
19.68	3.30E-03			   
19.69	3.30E-03			   
19.7	3.30E-03			   
19.71	3.30E-03			   
19.72	3.30E-03			   
19.73	3.30E-03			   
19.74	3.30E-03			   
19.75	3.30E-03			   
19.76	3.30E-03			   
19.77	3.30E-03			   
19.78	3.30E-03			   
19.79	3.30E-03			   
19.8	3.30E-03			   
19.81	3.30E-03			   
19.82	3.30E-03			   
19.83	3.30E-03			   
19.84	3.30E-03			   
19.85	3.30E-03			   
19.86	3.30E-03			   
19.87	3.30E-03			   
19.88	3.30E-03			   
19.89	3.30E-03			   
19.9	3.30E-03			   
19.91	3.30E-03			   
19.92	3.30E-03			   
19.93	3.30E-03			   
19.94	3.30E-03			   
19.95	3.30E-03			   
19.96	3.30E-03			   
19.97	3.30E-03			   
19.98	3.30E-03			   
19.99	3.30E-03			   
20	3.30E-03			   
20.01	3.30E-03			   
20.02	3.30E-03			   
20.03	3.30E-03			   
20.04	3.30E-03			   
20.05	3.30E-03			   
20.06	3.30E-03			   
20.07	3.30E-03			   
20.08	3.30E-03			   
20.09	3.30E-03			   
20.1	3.30E-03			   
20.11	3.30E-03			   
20.12	3.30E-03			   
20.13	3.30E-03			   
20.14	3.30E-03			   
20.15	3.30E-03			   
20.16	3.30E-03			   
20.17	3.30E-03			   
20.18	3.30E-03			   
20.19	3.30E-03			   
20.2	3.30E-03			   
20.21	3.30E-03			   
20.22	3.30E-03			   
20.23	3.30E-03			   
20.24	3.30E-03			   
20.25	3.30E-03			   
20.26	3.30E-03			   
20.27	3.30E-03			   
20.28	3.30E-03			   
20.29	3.30E-03			   
20.3	3.30E-03			   
20.31	3.30E-03			   
20.32	3.30E-03			   
20.33	3.30E-03			   
20.34	3.30E-03			   
20.35	3.30E-03			   
20.36	3.30E-03			   
20.37	3.30E-03			   
20.38	3.30E-03			   
20.39	3.30E-03			   
20.4	3.30E-03			   
20.41	3.30E-03			   
20.42	3.30E-03			   
20.43	3.30E-03			   
20.44	3.30E-03			   
20.45	3.30E-03			   
20.46	3.30E-03			   
20.47	3.30E-03			   
20.48	3.30E-03			   
20.49	3.30E-03			   
20.5	3.30E-03			   
20.51	3.30E-03			   
20.52	3.30E-03			   
20.53	3.30E-03			   
20.54	3.30E-03			   
20.55	3.30E-03			   
20.56	3.30E-03			   
20.57	3.30E-03			   
20.58	3.30E-03			   
20.59	3.30E-03			   
20.6	3.30E-03			   
20.61	3.30E-03			   
20.62	3.30E-03			   
20.63	3.30E-03			   
20.64	3.30E-03			   
20.65	3.30E-03			   
20.66	3.30E-03			   
20.67	3.30E-03			   
20.68	3.30E-03			   
20.69	3.30E-03			   
20.7	3.30E-03			   
20.71	3.30E-03			   
20.72	3.30E-03			   
20.73	3.30E-03			   
20.74	3.30E-03			   
20.75	3.30E-03			   
20.76	3.30E-03			   
20.77	3.30E-03			   
20.78	3.30E-03			   
20.79	3.30E-03			   
20.8	3.30E-03			   
20.81	3.30E-03			   
20.82	3.30E-03			   
20.83	3.30E-03			   
20.84	3.30E-03			   
20.85	3.30E-03			   
20.86	3.30E-03			   
20.87	3.30E-03			   
20.88	3.30E-03			   
20.89	3.30E-03			   
20.9	3.30E-03			   
20.91	3.30E-03			   
20.92	3.30E-03			   
20.93	3.30E-03			   
20.94	3.30E-03			   
20.95	3.30E-03			   
20.96	3.30E-03			   
20.97	3.30E-03			   
20.98	3.30E-03			   
20.99	3.30E-03			   
21	3.30E-03			   
21.01	3.30E-03			   
21.02	3.30E-03			   
21.03	3.30E-03			   
21.04	3.30E-03			   
21.05	3.30E-03			   
21.06	3.30E-03			   
21.07	3.30E-03			   
21.08	3.30E-03			   
21.09	3.30E-03			   
21.1	3.30E-03			   
21.11	3.30E-03			   
21.12	3.30E-03			   
21.13	3.30E-03			   
21.14	3.30E-03			   
21.15	3.30E-03			   
21.16	3.30E-03			   
21.17	3.30E-03			   
21.18	3.30E-03			   
21.19	3.30E-03			   
21.2	3.30E-03			   
21.21	3.30E-03			   
21.22	3.30E-03			   
21.23	3.30E-03			   
21.24	3.30E-03			   
21.25	3.30E-03			   
21.26	3.30E-03			   
21.27	3.30E-03			   
21.28	3.30E-03			   
21.29	3.30E-03			   
21.3	3.30E-03			   
21.31	3.30E-03			   
21.32	3.30E-03			   
21.33	3.30E-03			   
21.34	3.30E-03			   
21.35	3.30E-03			   
21.36	3.30E-03			   
21.37	3.30E-03			   
21.38	3.30E-03			   
21.39	3.30E-03			   
21.4	3.30E-03			   
21.41	3.30E-03			   
21.42	3.30E-03			   
21.43	3.30E-03			   
21.44	3.30E-03			   
21.45	3.30E-03			   
21.46	3.30E-03			   
21.47	3.30E-03			   
21.48	3.30E-03			   
21.49	3.30E-03			   
21.5	3.30E-03			   
21.51	3.30E-03			   
21.52	3.30E-03			   
21.53	3.30E-03			   
21.54	3.30E-03			   
21.55	3.30E-03			   
21.56	3.30E-03			   
21.57	3.30E-03			   
21.58	3.30E-03			   
21.59	3.30E-03			   
21.6	3.30E-03			   
21.61	3.30E-03			   
21.62	3.30E-03			   
21.63	3.30E-03			   
21.64	3.30E-03			   
21.65	3.30E-03			   
21.66	3.30E-03			   
21.67	3.30E-03			   
21.68	3.30E-03			   
21.69	3.30E-03			   
21.7	3.30E-03			   
21.71	3.30E-03			   
21.72	3.30E-03			   
21.73	3.30E-03			   
21.74	3.30E-03			   
21.75	3.30E-03			   
21.76	3.30E-03			   
21.77	3.30E-03			   
21.78	3.30E-03			   
21.79	3.30E-03			   
21.8	3.30E-03			   
21.81	3.30E-03			   
21.82	3.30E-03			   
21.83	3.30E-03			   
21.84	3.30E-03			   
21.85	3.30E-03			   
21.86	3.30E-03			   
21.87	3.30E-03			   
21.88	3.30E-03			   
21.89	3.30E-03			   
21.9	3.30E-03			   
21.91	3.30E-03			   
21.92	3.30E-03			   
21.93	3.30E-03			   
21.94	3.30E-03			   
21.95	3.30E-03			   
21.96	3.30E-03			   
21.97	3.30E-03			   
21.98	3.30E-03			   
21.99	3.30E-03			   
22	3.30E-03			   
22.01	3.30E-03			   
22.02	3.30E-03			   
22.03	3.30E-03			   
22.04	3.30E-03			   
22.05	3.30E-03			   
22.06	3.30E-03			   
22.07	3.30E-03			   
22.08	3.30E-03			   
22.09	3.30E-03			   
22.1	3.30E-03			   
22.11	3.30E-03			   
22.12	3.30E-03			   
22.13	3.30E-03			   
22.14	3.30E-03			   
22.15	3.30E-03			   
22.16	3.30E-03			   
22.17	3.30E-03			   
22.18	3.30E-03			   
22.19	3.30E-03			   
22.2	3.30E-03			   
22.21	3.30E-03			   
22.22	3.30E-03			   
22.23	3.30E-03			   
22.24	3.30E-03			   
22.25	3.30E-03			   
22.26	3.30E-03			   
22.27	3.30E-03			   
22.28	3.30E-03			   
22.29	3.30E-03			   
22.3	3.30E-03			   
22.31	3.30E-03			   
22.32	3.30E-03			   
22.33	3.30E-03			   
22.34	3.30E-03			   
22.35	3.30E-03			   
22.36	3.30E-03			   
22.37	3.30E-03			   
22.38	3.30E-03			   
22.39	3.30E-03			   
22.4	3.30E-03			   
22.41	3.30E-03			   
22.42	3.30E-03			   
22.43	3.30E-03			   
22.44	3.30E-03			   
22.45	3.30E-03			   
22.46	3.30E-03			   
22.47	3.30E-03			   
22.48	3.30E-03			   
22.49	3.30E-03			   
22.5	3.30E-03			   
22.51	3.30E-03			   
22.52	3.30E-03			   
22.53	3.30E-03			   
22.54	3.30E-03			   
22.55	3.30E-03			   
22.56	3.30E-03			   
22.57	3.30E-03			   
22.58	3.30E-03			   
22.59	3.30E-03			   
22.6	3.30E-03			   
22.61	3.30E-03			   
22.62	3.30E-03			   
22.63	3.30E-03			   
22.64	3.30E-03			   
22.65	3.30E-03			   
22.66	3.30E-03			   
22.67	3.30E-03			   
22.68	3.30E-03			   
22.69	3.30E-03			   
22.7	3.30E-03			   
22.71	3.30E-03			   
22.72	3.30E-03			   
22.73	3.30E-03			   
22.74	3.30E-03			   
22.75	3.30E-03			   
22.76	3.30E-03			   
22.77	3.30E-03			   
22.78	3.30E-03			   
22.79	3.30E-03			   
22.8	3.30E-03			   
22.81	3.30E-03			     
22.82	3.30E-03			   
22.83	3.30E-03			   
22.84	3.30E-03			   
22.85	3.30E-03			   
22.86	3.30E-03			   
22.87	3.30E-03			   
22.88	3.30E-03			   
22.89	3.30E-03			   
22.9	3.30E-03			   
22.91	3.30E-03			   
22.92	3.30E-03			   
22.93	3.30E-03			   
22.94	3.30E-03			   
22.95	3.30E-03			   
22.96	3.30E-03			   
22.97	3.30E-03			   
22.98	3.30E-03			   
22.99	3.30E-03			   
23	3.30E-03			   
23.01	3.30E-03			   
23.02	3.30E-03			   
23.03	3.30E-03			   
23.04	3.30E-03			   
23.05	3.30E-03			   
23.06	3.30E-03			   
23.07	3.30E-03			   
23.08	3.30E-03			   
23.09	3.30E-03			   
23.1	3.30E-03			   
23.11	3.30E-03			   
23.12	3.30E-03			   
23.13	3.30E-03			   
23.14	3.30E-03			   
23.15	3.30E-03			   
23.16	3.30E-03			   
23.17	3.30E-03			   
23.18	3.30E-03			   
23.19	3.30E-03			   
23.2	3.30E-03			   
23.21	3.30E-03			   
23.22	3.30E-03			   
23.23	3.30E-03			   
23.24	3.30E-03			   
23.25	3.30E-03			   
23.26	3.30E-03			   
23.27	3.30E-03			   
23.28	3.30E-03			   
23.29	3.30E-03			   
23.3	3.30E-03			   
23.31	3.30E-03			   
23.32	3.30E-03			   
23.33	3.30E-03			   
23.34	3.30E-03			   
23.35	3.30E-03			   
23.36	3.30E-03			   
23.37	3.30E-03			   
23.38	3.30E-03			   
23.39	3.30E-03			   
23.4	3.30E-03			   
23.41	3.30E-03			   
23.42	3.30E-03			   
23.43	3.30E-03			   
23.44	3.30E-03			   
23.45	3.30E-03			   
23.46	3.30E-03			   
23.47	3.30E-03			   
23.48	3.30E-03			   
23.49	3.30E-03			   
23.5	3.30E-03			   
23.51	3.30E-03			   
23.52	3.30E-03			   
23.53	3.30E-03			   
23.54	3.30E-03			   
23.55	3.30E-03			   
23.56	3.30E-03			   
23.57	3.30E-03			   
23.58	3.30E-03			   
23.59	3.30E-03			   
23.6	3.30E-03			   
23.61	3.30E-03			   
23.62	3.30E-03			   
23.63	3.30E-03			   
23.64	3.30E-03			   
23.65	3.30E-03			   
23.66	3.30E-03			   
23.67	3.30E-03			   
23.68	3.30E-03			   
23.69	3.30E-03			   
23.7	3.30E-03			   
23.71	3.30E-03			   
23.72	3.30E-03			   
23.73	3.30E-03			   
23.74	3.30E-03			   
23.75	3.30E-03			   
23.76	3.30E-03			   
23.77	3.30E-03			   
23.78	3.30E-03			   
23.79	3.30E-03			   
23.8	3.30E-03			   
23.81	3.30E-03			   
23.82	3.30E-03			   
23.83	3.30E-03			   
23.84	3.30E-03			   
23.85	3.30E-03			   
23.86	3.30E-03			   
23.87	3.30E-03			   
23.88	3.30E-03			   
23.89	3.30E-03			   
23.9	3.30E-03			   
23.91	3.30E-03			   
23.92	3.30E-03			   
23.93	3.30E-03			   
23.94	3.30E-03			   
23.95	3.30E-03			   
23.96	3.30E-03			   
23.97	3.30E-03			   
23.98	3.30E-03			   
23.99	3.30E-03			   
24	3.30E-03			   
24.01	3.30E-03			   
24.02	3.30E-03			   
24.03	3.30E-03			   
24.04	3.30E-03			   
24.05	3.30E-03			   
24.06	3.30E-03			   
24.07	3.30E-03			   
24.08	3.30E-03			   
24.09	3.30E-03			   
24.1	3.30E-03			   
24.11	3.30E-03			   
24.12	3.30E-03			   
24.13	3.30E-03			   
24.14	3.30E-03			   
24.15	3.30E-03			   
24.16	3.30E-03			   
24.17	3.30E-03			   
24.18	3.30E-03			   
24.19	3.30E-03			   
24.2	3.30E-03			   
24.21	3.30E-03			   
24.22	3.30E-03			   
24.23	3.30E-03			   
24.24	3.30E-03			   
24.25	3.30E-03			   
24.26	3.30E-03			   
24.27	3.30E-03			   
24.28	3.30E-03			   
24.29	3.30E-03			   
24.3	3.30E-03			   
24.31	3.30E-03			   
24.32	3.30E-03			   
24.33	3.30E-03			   
24.34	3.30E-03			   
24.35	3.30E-03			   
24.36	3.30E-03			   
24.37	3.30E-03			   
24.38	3.30E-03			   
24.39	3.30E-03			   
24.4	3.30E-03			   
24.41	3.30E-03			   
24.42	3.30E-03			   
24.43	3.30E-03			   
24.44	3.30E-03			   
24.45	3.30E-03			   
24.46	3.30E-03			   
24.47	3.30E-03			   
24.48	3.30E-03			   
24.49	3.30E-03			   
24.5	3.30E-03			   
24.51	3.30E-03			   
24.52	3.30E-03			   
24.53	3.30E-03			   
24.54	3.30E-03			   
24.55	3.30E-03			   
24.56	3.30E-03			   
24.57	3.30E-03			   
24.58	3.30E-03			   
24.59	3.30E-03			   
24.6	3.30E-03			   
24.61	3.30E-03			   
24.62	3.30E-03			   
24.63	3.30E-03			   
24.64	3.30E-03			   
24.65	3.30E-03			   
24.66	3.30E-03			   
24.67	3.30E-03			   
24.68	3.30E-03			   
24.69	3.30E-03			   
24.7	3.30E-03			   
24.71	3.30E-03			   
24.72	3.30E-03			   
24.73	3.30E-03			   
24.74	3.30E-03			   
24.75	3.30E-03			   
24.76	3.30E-03			   
24.77	3.30E-03			   
24.78	3.30E-03			   
24.79	3.30E-03			   
24.8	3.30E-03			   
24.81	3.30E-03			   
24.82	3.30E-03			   
24.83	3.30E-03			   
24.84	3.30E-03			   
24.85	3.30E-03			   
24.86	3.30E-03			   
24.87	3.30E-03			   
24.88	3.30E-03			   
24.89	3.30E-03			   
24.9	3.30E-03			   
24.91	3.30E-03			   
24.92	3.30E-03			   
24.93	3.30E-03			   
24.94	3.30E-03			   
24.95	3.30E-03			   
24.96	3.30E-03			   
24.97	3.30E-03			   
24.98	3.30E-03			   
24.99	3.30E-03			   
25	3.30E-03			 
