#FT-2015-06-19-AuNP-T-3600s.tif scaled			
#q	 i	error	
0.006434211212	22.1283388899	0.545488206722	
0.00680332630894	21.3112613042	0.407483086404	
0.00717244140587	19.4879336538	0.331951173479	
0.00754155650281	18.1689032716	0.29786812149	
0.00791067159975	16.7126397707	0.278300372456	
0.00827978669669	15.3181249954	0.244531349849	
0.00864890179363	14.2919835245	0.2152426425	
0.00901801689056	13.1979282934	0.165433407354	
0.0093871319875	12.685947681	0.144060602358	
0.00975624708444	12.3149696235	0.129731902739	
0.0101253621814	11.9289331873	0.117474716833	
0.0104944772783	11.5236839364	0.111223600943	
0.0108635923753	11.0054763176	0.103860851869	
0.0112327074722	10.713025857	0.101357782386	
0.0116018225691	10.4531636675	0.0989557434149	
0.0119709376661	10.164812643	0.0958713494304	
0.012340052763	9.85995116267	0.0941592706155	
0.0127091678599	9.7183238544	0.0911272172156	
0.0130782829569	9.58209816525	0.0901884881733	
0.0134473980538	9.23958686511	0.0872288540332	
0.0138165131508	8.95326115735	0.0849237226201	
0.0141856282477	8.68326386328	0.0831933038395	
0.0145547433446	8.41256667492	0.080114689115	
0.0149238584416	8.21769859788	0.0790953749584	
0.0152929735385	7.96803271001	0.0765162498554	
0.0156620886354	7.76607931686	0.0750828484934	
0.0160312037324	7.61939162182	0.0738107759638	
0.0164003188293	7.45546840052	0.0717148212522	
0.0167694339263	7.27417292762	0.070855004644	
0.0171385490232	7.09944453146	0.0686176556495	
0.0175076641201	6.85928860733	0.0673073520222	
0.0178767792171	6.58659979947	0.0653234573033	
0.018245894314	6.36691975335	0.0633339069344	
0.0186150094109	6.18590044239	0.0624682267613	
0.0189841245079	5.95300645407	0.0599965552918	
0.0193532396048	5.73017049281	0.0589062475964	
0.0197223547018	5.5665582926	0.0574021714895	
0.0200914697987	5.44966548863	0.056224009552	
0.0204605848956	5.27715103589	0.0552924964489	
0.0208296999926	5.09333524636	0.0532485657362	
0.0211988150895	4.88517769897	0.0522628545715	
0.0215679301864	4.68895515026	0.050554458076	
0.0219370452834	4.5583235802	0.0494872218996	
0.0223061603803	4.37601448065	0.0483479828829	
0.0226752754773	4.16373774357	0.0477784289672	
0.0230443905742	3.98436494652	0.0480770654406	
0.0234135056711	3.77801290949	0.0467202545333	
0.0237826207681	3.62661434877	0.0459171349704	
0.024151735865	3.52325979331	0.0453456767486	
0.024520850962	3.37411770417	0.0441238151668	
0.0248899660589	3.24391362351	0.0435130117385	
0.0252590811558	3.10415643122	0.0421910447904	
0.0256281962528	2.95376584223	0.0412345415703	
0.0259973113497	2.7775945096	0.0399108408744	
0.0263664264466	2.63498955707	0.0386708780712	
0.0267355415436	2.51287047551	0.0379040486082	
0.0271046566405	2.39936904089	0.0366457197521	
0.0274737717375	2.28634618367	0.0358663737025	
0.0278428868344	2.19890517926	0.0350128146046	
0.0282120019313	2.10498831289	0.0341219494878	
0.0285811170283	1.97862075293	0.0331347589852	
0.0289502321252	1.88506766117	0.0320430320465	
0.0293193472221	1.81986900289	0.03155388469	
0.0296884623191	1.72477649228	0.0305226037894	
0.030057577416	1.64142880432	0.0296982387966	
0.030426692513	1.55060514535	0.0288556084864	
0.0307958076099	1.45587931428	0.0277457572529	
0.0311649227068	1.39068375459	0.0271834722133	
0.0315340378038	1.33307304266	0.026395080741	
0.0319031529007	1.28814571664	0.0259227979112	
0.0322722679976	1.21139884133	0.0250823701149	
0.0326413830946	1.11351616554	0.0238897004178	
0.0330104981915	1.04617285609	0.0232228728316	
0.0333796132885	0.989473362361	0.0223620269257	
0.0337487283854	0.928813404284	0.0216777657042	
0.0341178434823	0.868420002515	0.0208828629509	
0.0344869585793	0.824563627085	0.0202435774673	
0.0348560736762	0.773882372129	0.0196490295425	
0.0352251887731	0.72967678547	0.0189061604052	
0.0355943038701	0.691769240368	0.0184265919689	
0.035963418967	0.640445531258	0.0176323508481	
0.036332534064	0.603414383946	0.017059449864	
0.0367016491609	0.577153358682	0.016691762078	
0.0370707642578	0.546021929028	0.0161043236732	
0.0374398793548	0.508388338121	0.0155571119244	
0.0378089944517	0.461069403215	0.0147218547289	
0.0381781095486	0.424966245238	0.0141063424637	
0.0385472246456	0.403279825102	0.0137216147951	
0.0389163397425	0.38605618581	0.0133351369314	
0.0392854548395	0.367802195224	0.013047113871	
0.0396545699364	0.335921820582	0.0123622223348	
0.0400236850333	0.304355344849	0.0117595519671	
0.0403928001303	0.292008070863	0.0114905495668	
0.0407619152272	0.280880933009	0.0112145766086	
0.0411310303242	0.258625681246	0.0107719794947	
0.0415001454211	0.237217162136	0.0102272427077	
0.041869260518	0.227681391008	0.0100314146724	
0.042238375615	0.221481814933	0.00985105413406	
0.0426074907119	0.220014484814	0.0097783120912	
0.0429766058088	0.207173070742	0.00949557156861	
0.0433457209058	0.196671887044	0.00918396854357	
0.0437148360027	0.193252250803	0.00910792571558	
0.0440839510997	0.182166502381	0.00879731534876	
0.0444530661966	0.172022547518	0.00852876169554	
0.0448221812935	0.167213340303	0.00840020838378	
0.0451912963905	0.162566472155	0.0082320571456	
0.0455604114874	0.14976568836	0.00791228846315	
0.0459295265843	0.140088861614	0.00759830589518	
0.0462986416813	0.135626038164	0.00746725931608	
0.0466677567782	0.137223299959	0.00750098442139	
0.0470368718752	0.142939948975	0.00761418667373	
0.0474059869721	0.135421643468	0.00741921076264	
0.047775102069	0.125983435358	0.00710387579666	
0.048144217166	0.122471232577	0.00700253575653	
0.0485133322629	0.122849915282	0.00699171518557	
0.0488824473598	0.122056389313	0.00694488895357	
0.0492515624568	0.125107606933	0.00703101750051	
0.0496206775537	0.126342631797	0.00701734528025	
0.0499897926507	0.123236913831	0.00693608708854	
0.0503589077476	0.127928541128	0.00703442125037	
0.0507280228445	0.126530073325	0.00697662941498	
0.0510971379415	0.118386685142	0.00674741558668	
0.0514662530384	0.117816850346	0.00668942162538	
0.0518353681353	0.123547795486	0.00685506817486	
0.0522044832323	0.123791743699	0.00682633083333	
0.0525735983292	0.126325860672	0.00688182410752	
0.0529427134262	0.125119575242	0.00684189412128	
0.0533118285231	0.12109237111	0.00669858832188	
0.05368094362	0.122440242792	0.00673930941761	
0.054050058717	0.126090925487	0.00679562181762	
0.0544191738139	0.125112436863	0.00676651123037	
0.0547882889108	0.125534360407	0.00676000123372	
0.0551574040078	0.127582180603	0.0067917182114	
0.0555265191047	0.122914381472	0.00666798698104	
0.0558956342017	0.119751529357	0.00653724529331	
0.0562647492986	0.120307021549	0.00655784814078	
0.0566338643955	0.119177906533	0.00650218509974	
0.0570029794925	0.119888095891	0.00650187552985	
0.0573720945894	0.125641184339	0.00665728905631	
0.0577412096864	0.127059111295	0.00665480944881	
0.0581103247833	0.126099706119	0.0066329139765	
0.0584794398802	0.130107056028	0.00670861599702	
0.0588485549772	0.130145408841	0.00669452143932	
0.0592176700741	0.124128514084	0.00653371690172	
0.059586785171	0.122402068148	0.00645723320374	
0.059955900268	0.128107062588	0.00660741570201	
0.0603250153649	0.127663720031	0.00656327919362	
0.0606941304619	0.123536353938	0.00644865761976	
0.0610632455588	0.121370082347	0.00637965092476	
0.0614323606557	0.118527779492	0.00628320472621	
0.0618014757527	0.121076719351	0.0063513569314	
0.0621705908496	0.121610660841	0.00632730590032	
0.0625397059465	0.118621333707	0.00624985195002	
0.0629088210435	0.115357622449	0.00614462872729	
0.0632779361404	0.111415164786	0.00602325275866	
0.0636470512374	0.108597391154	0.00594505424991	
0.0640161663343	0.111349211273	0.00598588054077	
0.0643852814312	0.114292098271	0.00606940590642	
0.0647543965282	0.115119491841	0.00606693634821	
0.0651235116251	0.110758193732	0.00593815179798	
0.065492626722	0.104314282121	0.00576010337827	
0.065861741819	0.101171737399	0.00564490567332	
0.0662308569159	0.101146359937	0.00564783027872	
0.0665999720129	0.103175933304	0.00567774421121	
0.0669690871098	0.0990565964353	0.00555438598051	
0.0673382022067	0.0984604158675	0.00553371119228	
0.0677073173037	0.102814362569	0.00563101131356	
0.0680764324006	0.103822090274	0.00566185887411	
0.0684455474975	0.101691638397	0.00557314194391	
0.0688146625945	0.100047711819	0.00552438315342	
0.0691837776914	0.0977861585477	0.00545231273064	
0.0695528927884	0.0956399232218	0.00537542394349	
0.0699220078853	0.091668516971	0.00526062971981	
0.0702911229822	0.0924272263941	0.00525920384984	
0.0706602380792	0.0957965260214	0.00535167479303	
0.0710293531761	0.0984251035474	0.00540888051998	
0.071398468273	0.0984723299507	0.00539938356202	
0.07176758337	0.095718263354	0.0053183854435	
0.0721366984669	0.0925395813113	0.00520818105054	
0.0725058135639	0.0883648222661	0.0050898337345	
0.0728749286608	0.0856912803084	0.00499138402681	
0.0732440437577	0.0823833715194	0.00488997767582	
0.0736131588547	0.081868501858	0.00486711959883	
0.0739822739516	0.083588615048	0.00490004775037	
0.0743513890486	0.0842785279999	0.00492323066968	
0.0747205041455	0.0858824246534	0.00494395922608	
0.0750896192424	0.0833258661334	0.00486948929162	
0.0754587343394	0.0761745345302	0.00464661757191	
0.0758278494363	0.0755397571357	0.00461225778247	
0.0761969645332	0.0806483889649	0.00476888722365	
0.0765660796302	0.079975913335	0.00472356665584	
0.0769351947271	0.0755821845958	0.00459233365042	
0.0773043098241	0.0760576595432	0.00459640424045	
0.077673424921	0.0799671404487	0.00469963713139	
0.0780425400179	0.0770881037954	0.00461579124663	
0.0784116551149	0.0722963067903	0.00444908034794	
0.0787807702118	0.0761927929789	0.00456764791802	
0.0791498853087	0.0807400259266	0.00468808178917	
0.0795190004057	0.0777865649857	0.00459229162123	
0.0798881155026	0.0745839114668	0.00449465699158	
0.0802572305996	0.0736619179068	0.00444952578215	
0.0806263456965	0.0750727064831	0.0044921612917	
0.0809954607934	0.0741164347579	0.00444746682274	
0.0813645758904	0.0737058326907	0.00442950518533	
0.0817336909873	0.0690495564453	0.00428212713495	
0.0821028060842	0.0688556427343	0.00426303723092	
0.0824719211812	0.0731142535308	0.00439311277405	
0.0828410362781	0.0760025859577	0.00446008637768	
0.0832101513751	0.0762881211374	0.00446612207648	
0.083579266472	0.0754257289793	0.00443234340659	
0.0839483815689	0.0731263147971	0.00435427139922	
0.0843174966659	0.0707565587212	0.0042809005073	
0.0846866117628	0.0683698029993	0.00419239299126	
0.0850557268597	0.0695258408996	0.00422619827789	
0.0854248419567	0.0700554985875	0.00423109918848	
0.0857939570536	0.0686601216292	0.00418229304855	
0.0861630721506	0.0686247821965	0.0041769642154	
0.0865321872475	0.0685177607295	0.00415992226372	
0.0869013023444	0.0676605393454	0.00413369429751	
0.0872704174414	0.0664024067381	0.00408046875555	
0.0876395325383	0.0664755412371	0.00407983129255	
0.0880086476352	0.0685504547399	0.00413679926995	
0.0883777627322	0.0690980184117	0.00414130277581	
0.0887468778291	0.0687582927451	0.00413240509263	
0.0891159929261	0.0672818372746	0.00406927644364	
0.089485108023	0.0621776829098	0.00391242126234	
0.0898542231199	0.0607483298989	0.00385941556794	
0.0902233382169	0.0666121542501	0.00403153009455	
0.0905924533138	0.0682914551207	0.00408287626817	
0.0909615684108	0.0678985188966	0.00405260415919	
0.0913306835077	0.0666242387558	0.00401592900302	
0.0916997986046	0.0673079429056	0.00402677726801	
0.0920689137016	0.0661755743689	0.00398467703866	
0.0924380287985	0.0643226787992	0.00392782365749	
0.0928071438954	0.0636716221811	0.00389219801793	
0.0931762589924	0.0646425734821	0.00392333251113	
0.0935453740893	0.0686062990999	0.00402994627816	
0.0939144891863	0.0699230415599	0.0040622544045	
0.0942836042832	0.0669088985835	0.00397160603639	
0.0946527193801	0.0636668154915	0.00386072885537	
0.0950218344771	0.064920009719	0.00390034757843	
0.095390949574	0.0633844834805	0.00383989997654	
0.0957600646709	0.0617908044314	0.00378789336077	
0.0961291797679	0.0648960847217	0.00387827138642	
0.0964982948648	0.0655007438097	0.00388479059064	
0.0968674099618	0.0640108675661	0.00384220943557	
0.0972365250587	0.0619007230812	0.00386159951542	
0.0976056401556	0.0594600363794	0.00383923177168	
0.0979747552526	0.0563036951793	0.00376531496259	
0.0983438703495	0.0573773686521	0.00382167262992	
0.0987129854464	0.0612668558979	0.00397292077408	
0.0990821005434	0.0636990873189	0.00406360853977	
0.0994512156403	0.0629234092357	0.00405720350973	
0.0998203307373	0.0623019170509	0.00405118095865	
0.100189445834	0.0589491987599	0.00395230707785	
0.100558560931	0.0588653508819	0.00396358245199	
0.100927676028	0.0603470236053	0.00402102957701	
0.101296791125	0.0565610293058	0.00390572562275	
0.101665906222	0.0546545319815	0.00384650341335	
0.102035021319	0.0541403014046	0.00383809497126	
0.102404136416	0.0554024699269	0.00389142955789	
0.102773251513	0.0584203428325	0.00400288721261	
0.10314236661	0.0602564207984	0.00407662216496	
0.103511481707	0.0596890726217	0.0040605239898	
0.103880596804	0.0582229896853	0.0040201906993	
0.104249711901	0.0583632280501	0.00403155647931	
0.104618826997	0.0607247263804	0.0041184512978	
0.104987942094	0.0633930781978	0.00421758893926	
0.105357057191	0.0636478676063	0.00422793181787	
0.105726172288	0.0622436674095	0.0041912500014	
0.106095287385	0.0582054942647	0.00405564975014	
0.106464402482	0.0566613074637	0.00400912584154	
0.106833517579	0.0560401290113	0.00399256372233	
0.107202632676	0.052085486139	0.00385227627363	
0.107571747773	0.0525203617951	0.00387650613618	
0.10794086287	0.0561640455469	0.00400880423181	
0.108309977967	0.0556649941937	0.00399977077334	
0.108679093064	0.0565798997262	0.00403589369449	
0.109048208161	0.0567223613302	0.00404366741861	
0.109417323258	0.0557118991181	0.0040130847759	
0.109786438355	0.0562556476494	0.003895051476	
0.110155553452	0.0549396875838	0.00379840599772	
0.110524668548	0.0521223593743	0.00366509662905	
0.110893783645	0.0496432617613	0.00354901216889	
0.111262898742	0.051040590832	0.00358262600155	
0.111632013839	0.052954958578	0.00361884348143	
0.112001128936	0.0512626668638	0.003550093684	
0.112370244033	0.0503624486535	0.0035008502781	
0.11273935913	0.0512039175745	0.00351479923774	
0.113108474227	0.0527125829006	0.00355743682867	
0.113477589324	0.05474684676	0.00360314943779	
0.113846704421	0.0546227171963	0.00359360706104	
0.114215819518	0.0512563418645	0.00346563377585	
0.114584934615	0.0491212730866	0.00338291587811	
0.114954049712	0.05303522371	0.00350720498142	
0.115323164809	0.0583653583315	0.00366196039258	
0.115692279906	0.0567307313997	0.00360752731365	
0.116061395003	0.0501806620539	0.00337777838268	
0.116430510099	0.051169651029	0.00340405312615	
0.116799625196	0.0498787237071	0.00335345981022	
0.117168740293	0.0456509981185	0.0031960106675	
0.11753785539	0.0456330340359	0.00319403774263	
0.117906970487	0.0465954603379	0.00321178105583	
0.118276085584	0.0482803231797	0.00326637771082	
0.118645200681	0.0503394106279	0.00332697148713	
0.119014315778	0.0508722521183	0.00333444916218	
0.119383430875	0.0525131846832	0.00338620551807	
0.119752545972	0.0529773458995	0.00338569601582	
0.120121661069	0.0529269202008	0.00338177845237	
0.120490776166	0.0518826988375	0.00333983548767	
0.120859891263	0.0539968753641	0.00339846389032	
0.12122900636	0.0547911914734	0.00342122408585	
0.121598121457	0.0514635485317	0.00330255722002	
0.121967236554	0.0534143828229	0.00336279442361	
0.12233635165	0.0530349796959	0.0033412695198	
0.122705466747	0.0517992576495	0.00329582986418	
0.123074581844	0.0504534116717	0.00324957836611	
0.123443696941	0.0472815116705	0.00313466089673	
0.123812812038	0.0475831866371	0.00314421356065	
0.124181927135	0.0495264990981	0.0031970642186	
0.124551042232	0.0478660763945	0.00313823734729	
0.124920157329	0.0459939618129	0.00307271102791	
0.125289272426	0.0467560951793	0.00308890808473	
0.125658387523	0.0481979819916	0.0031364693981	
0.12602750262	0.0481184489018	0.00312139839494	
0.126396617717	0.0475097926311	0.00309914810175	
0.126765732814	0.0494316124889	0.0031564468707	
0.127134847911	0.0531222166581	0.0032640449218	
0.127503963008	0.0555395244892	0.00333653553088	
0.127873078105	0.0553185871897	0.00331818657522	
0.128242193201	0.0542038225243	0.00328248830998	
0.128611308298	0.0544460006666	0.00328332182394	
0.128980423395	0.0539162693871	0.00326070124892	
0.129349538492	0.0521357840207	0.00320436153083	
0.129718653589	0.0510036052728	0.00315992492286	
0.130087768686	0.0497352124553	0.00311884902062	
0.130456883783	0.0495658124741	0.00310648794547	
0.13082599888	0.0491300188603	0.0030879834671	
0.131195113977	0.0481933186118	0.0030553814975	
0.131564229074	0.0458055287352	0.00297091633089	
0.131933344171	0.0458978938658	0.00297274909702	
0.132302459268	0.0450263221312	0.00293595864729	
0.132671574365	0.0466114219559	0.0029843047962	
0.133040689462	0.0502676666218	0.00309531942915	
0.133409804559	0.0498834025798	0.00307662537187	
0.133778919656	0.0474783225642	0.00300035097671	
0.134148034752	0.0466537448385	0.00296505560451	
0.134517149849	0.0453214939296	0.00292043679212	
0.134886264946	0.0430012998201	0.00284009961176	
0.135255380043	0.0419208443058	0.00279933131919	
0.13562449514	0.0429276269409	0.00283098810623	
0.135993610237	0.0455906181956	0.00290962738401	
0.136362725334	0.0467659448261	0.00294505014685	
0.136731840431	0.0461748343281	0.00292064865984	
0.137100955528	0.0448211450413	0.00287341130905	
0.137470070625	0.0445093415546	0.00286060381602	
0.137839185722	0.0452276840808	0.00287737586546	
0.138208300819	0.0480121943361	0.0029629625173	
0.138577415916	0.0478324954123	0.00295050745915	
0.138946531013	0.0486715203195	0.00297316192134	
0.13931564611	0.0501001451614	0.00301234709858	
0.139684761207	0.0464390240876	0.00289491730001	
0.140053876303	0.042878769904	0.00278091010089	
0.1404229914	0.0436486846076	0.00279756362376	
0.140792106497	0.0432373621179	0.0027828843652	
0.141161221594	0.0417831119267	0.00273123230924	
0.141530336691	0.0420342178848	0.00273514070413	
0.141899451788	0.0437824004379	0.00279030080566	
0.142268566885	0.0442204211641	0.00279653819882	
0.142637681982	0.0420032745784	0.00272438060151	
0.143006797079	0.0429350170809	0.00274913865541	
0.143375912176	0.0448356270819	0.00280587368935	
0.143745027273	0.0424995836784	0.00272992473226	
0.14411414237	0.0401352540104	0.00264665115933	
0.144483257467	0.0425055097341	0.00272238920643	
0.144852372564	0.0475908207912	0.00287417485061	
0.145221487661	0.0479634999753	0.00288283557541	
0.145590602758	0.0474193602468	0.00286357834728	
0.145959717854	0.0463221452273	0.00282471725468	
0.146328832951	0.0445774524626	0.00277008137808	
0.146697948048	0.0453462129409	0.00278640113972	
0.147067063145	0.0455851724215	0.00279264519715	
0.147436178242	0.0480664467949	0.00286367781357	
0.147805293339	0.0489271773335	0.00288450117122	
0.148174408436	0.0482657171954	0.00286399090285	
0.148543523533	0.0483633964099	0.0028579889876	
0.14891263863	0.0496718578849	0.00289669645854	
0.149281753727	0.0481607872774	0.00284726011507	
0.149650868824	0.0459708269563	0.00277841747858	
0.150019983921	0.0439075099311	0.00271373488016	
0.150389099018	0.0432850223239	0.00268730810536	
0.150758214115	0.0438105705052	0.0027035020193	
0.151127329212	0.0402208758319	0.00258478457065	
0.151496444309	0.0391862678478	0.00254916709335	
0.151865559405	0.0426635456321	0.0026574268544	
0.152234674502	0.0454811023626	0.00273806159214	
0.152603789599	0.0444417845198	0.00270632701185	
0.152972904696	0.0430620980528	0.00265745815539	
0.153342019793	0.0398819596722	0.0025558644365	
0.15371113489	0.0391961988326	0.0025311446453	
0.154080249987	0.039037229484	0.00252122187233	
0.154449365084	0.0377596578647	0.00247955957163	
0.154818480181	0.0399485174113	0.00254302328136	
0.155187595278	0.0423482329909	0.00261851848226	
0.155556710375	0.0433624406252	0.00264554841206	
0.155925825472	0.0432727557759	0.00263846478842	
0.156294940569	0.0438720814139	0.00265645948884	
0.156664055666	0.0452399312625	0.00268967181354	
0.157033170763	0.0429154068718	0.0026205275157	
0.15740228586	0.0406545507839	0.00254584871434	
0.157771400956	0.0411334535478	0.00255715092492	
0.158140516053	0.0422162988506	0.00258991028657	
0.15850963115	0.0441752437043	0.00264255274442	
0.158878746247	0.0466592913168	0.00271626603826	
0.159247861344	0.0470840229599	0.00272283363164	
0.159616976441	0.0424646896682	0.0025835876825	
0.159986091538	0.0405187472778	0.00252202252231	
0.160355206635	0.0421923118814	0.00256753817738	
0.160724321732	0.0442007334902	0.00262835116648	
0.161093436829	0.0445220109194	0.00263203690407	
0.161462551926	0.0430745001641	0.00258747006638	
0.161831667023	0.0425601456435	0.00256903276089	
0.16220078212	0.0444859278248	0.00262126187958	
0.162569897217	0.0432533934541	0.00258601963757	
0.162939012314	0.0407731687285	0.00250356899952	
0.163308127411	0.0399545519177	0.00247781148914	
0.163677242507	0.039160731583	0.00244956471728	
0.164046357604	0.0384758666235	0.00242471814772	
0.164415472701	0.0379781557983	0.00240912184488	
0.164784587798	0.0399403797362	0.0024634867966	
0.165153702895	0.0426881678124	0.00254698983031	
0.165522817992	0.044689195408	0.00260196645278	
0.165891933089	0.0452774861879	0.00261560190625	
0.166261048186	0.0435495025763	0.00256457818572	
0.166630163283	0.0402968223024	0.00246117246089	
0.16699927838	0.0397135086345	0.00244325200409	
0.167368393477	0.0411768880501	0.00248301228874	
0.167737508574	0.0409656028622	0.00247428109228	
0.168106623671	0.0390579939183	0.00241533265235	
0.168475738768	0.039346348816	0.00241849765255	
0.168844853865	0.041478373228	0.00248335196052	
0.169213968962	0.0444912651482	0.00256641257123	
0.169583084058	0.0434051701979	0.00253371759671	
0.169952199155	0.0432723994379	0.00252768637269	
0.170321314252	0.0443196496742	0.00255244614914	
0.170690429349	0.0423341227812	0.00249624137941	
0.171059544446	0.0408968838557	0.00244664807165	
0.171428659543	0.040971838777	0.00244843138228	
0.17179777464	0.0428750593411	0.00250168086297	
0.172166889737	0.0424268248836	0.00248467177408	
0.172536004834	0.0406266131109	0.00243182596361	
0.172905119931	0.0395661783691	0.00239346023169	
0.173274235028	0.0397721727125	0.00239992575526	
0.173643350125	0.0392410470671	0.00238013505447	
0.174012465222	0.0404961081958	0.00241460948433	
0.174381580319	0.0418544260033	0.00245485834112	
0.174750695416	0.0419455826833	0.00245195365652	
0.175119810513	0.0420227337311	0.00245363134543	
0.17548892561	0.0406030057192	0.00240765528286	
0.175858040706	0.0383246882952	0.00233744868077	
0.176227155803	0.0370121765742	0.00229603667026	
0.1765962709	0.0392129350983	0.00235787179813	
0.176965385997	0.0401215311246	0.00238557501435	
0.177334501094	0.0378491773267	0.00231249124	
0.177703616191	0.0382897377357	0.00232421500631	
0.178072731288	0.0391739277083	0.00234888816213	
0.178441846385	0.0386806397347	0.00233043122599	
0.178810961482	0.0396277822355	0.00235922030313	
0.179180076579	0.0402379955483	0.00237106610547	
0.179549191676	0.0391774097501	0.00233908009261	
0.179918306773	0.0384759010954	0.00231592985451	
0.18028742187	0.0404802860145	0.00237180946598	
0.180656536967	0.043494382512	0.00245862607456	
0.181025652064	0.042611768173	0.00242784314008	
0.181394767161	0.0408748218863	0.00237727456772	
0.181763882257	0.0422516150438	0.00241405111253	
0.182132997354	0.0419623847941	0.00240311625069	
0.182502112451	0.0410066398295	0.00237464829273	
0.182871227548	0.0429374882074	0.00242478914127	
0.183240342645	0.044092511319	0.00245740787714	
0.183609457742	0.041674637995	0.00238514828861	
0.183978572839	0.0415509538538	0.00237892371898	
0.184347687936	0.0431808825467	0.00242450428292	
0.184716803033	0.0435386807465	0.00243031460084	
0.18508591813	0.043368238864	0.00242478318679	
0.185455033227	0.0439840451339	0.00243738481685	
0.185824148324	0.0438202187435	0.00243170989202	
0.186193263421	0.0418734358603	0.00237548112067	
0.186562378518	0.0411840419225	0.00235138361577	
0.186931493615	0.0429753491187	0.00240276133106	
0.187300608712	0.0449032034829	0.00245045625363	
0.187669723808	0.0452983551997	0.00245993357808	
0.188038838905	0.0449955337544	0.00244992273676	
0.188407954002	0.0446634190024	0.00243751723186	
0.188777069099	0.0446120327404	0.00243562185439	
0.189146184196	0.0436242057371	0.00240349524077	
0.189515299293	0.042652216408	0.00237590105722	
0.18988441439	0.0421965065992	0.00236057303673	
0.190253529487	0.0418006964318	0.00234688437268	
0.190622644584	0.040813268372	0.00231803101332	
0.190991759681	0.0407217514807	0.00231113046676	
0.191360874778	0.0406588810651	0.00230879432742	
0.191729989875	0.0385568417202	0.0022454955696	
0.192099104972	0.0368527149369	0.00219297383634	
0.192468220069	0.03967358716	0.00227406271179	
0.192837335166	0.0415134492804	0.0023231273695	
0.193206450263	0.0412458781833	0.00231445331049	
0.193575565359	0.0422027541338	0.00233715846353	
0.193944680456	0.0428452547669	0.00235404004251	
0.194313795553	0.0427234297804	0.00234865037805	
0.19468291065	0.0419463263452	0.00232352415609	
0.195052025747	0.0408127261185	0.00229213710668	
0.195421140844	0.0397686286988	0.00225823074709	
0.195790255941	0.0400423350066	0.00226448409286	
0.196159371038	0.0414167306292	0.00230130192997	
0.196528486135	0.0416195992687	0.00230439845054	
0.196897601232	0.0391999946068	0.00223534140616	
0.197266716329	0.0391155812359	0.00222890380053	
0.197635831426	0.0399848716326	0.00225308066889	
0.198004946523	0.0406261367025	0.00226845026532	
0.19837406162	0.0396513586414	0.00223845879445	
0.198743176717	0.0402441462519	0.00225446712894	
0.199112291814	0.0395267061904	0.00223060494292	
0.19948140691	0.0382217255953	0.00219249328857	
0.199850522007	0.0405426180498	0.0022554435662	
0.200219637104	0.041997840424	0.00229362758579	
0.200588752201	0.0407671613348	0.00225824354438	
0.200957867298	0.0408525004099	0.0022574522404	
0.201326982395	0.041201761991	0.00226635830633	
0.201696097492	0.0410510271485	0.00225877444942	
0.202065212589	0.0401486321779	0.0022325792513	
0.202434327686	0.0386846361427	0.00218951078248	
0.202803442783	0.0366241651735	0.00212780330562	
0.20317255788	0.0373250606945	0.00214786730845	
0.203541672977	0.0390554337073	0.00219273682937	
0.203910788074	0.0400559029628	0.00221986526147	
0.204279903171	0.0407534578152	0.00223743420105	
0.204649018268	0.0379528395335	0.00215637026941	
0.205018133365	0.0362587250731	0.00210678039264	
0.205387248461	0.0376114878811	0.00214291958478	
0.205756363558	0.039469932253	0.00219390219196	
0.206125478655	0.0409551722295	0.00223201097477	
0.206494593752	0.0426139371869	0.00227551133963	
0.206863708849	0.0399415998064	0.00220138751492	
0.207232823946	0.0387714400768	0.00216542344544	
0.207601939043	0.0389633397034	0.00217072190949	
0.20797105414	0.0392937424838	0.00217681015769	
0.208340169237	0.0401081916894	0.00219724408836	
0.208709284334	0.0398575272805	0.00218937888354	
0.209078399431	0.0404172413031	0.0022019467429	
0.209447514528	0.0418626760024	0.00223962369895	
0.209816629625	0.0416282482114	0.00223047567233	
0.210185744722	0.0398173230596	0.00218043315246	
0.210554859819	0.0384217017	0.00213944397849	
0.210923974916	0.0370710304409	0.00209966886061	
0.211293090012	0.0386343262539	0.00214301079186	
0.211662205109	0.0402906987115	0.00218409036278	
0.212031320206	0.0392216769988	0.002154708935	
0.212400435303	0.0386925476207	0.00213786678031	
0.2127695504	0.0403427511705	0.00218080258116	
0.213138665497	0.0402317789997	0.00217704169479	
0.213507780594	0.0382072667941	0.00211818003515	
0.213876895691	0.0369133764443	0.00208140330966	
0.214246010788	0.0384634323644	0.0021220925838	
0.214615125885	0.0400250100085	0.00216315363816	
0.214984240982	0.039384124516	0.00214439103087	
0.215353356079	0.0386844281498	0.00212253871956	
0.215722471176	0.0387831759909	0.00212449771574	
0.216091586273	0.0412274686783	0.00218737600369	
0.21646070137	0.0423297731338	0.0022154293062	
0.216829816467	0.0413241989493	0.00218692910217	
0.217198931563	0.0407000187366	0.00216795571858	
0.21756804666	0.0411924584709	0.00218069000618	
0.217937161757	0.0387199926177	0.00211054487204	
0.218306276854	0.0375003917667	0.0020763487482	
0.218675391951	0.0397281959568	0.00213544527608	
0.219044507048	0.039776832219	0.00213424410209	
0.219413622145	0.0384889705658	0.00209909163549	
0.219782737242	0.0383234856545	0.00209103883785	
0.220151852339	0.0381868424302	0.00208647852458	
0.220520967436	0.0385172165485	0.00209333727741	
0.220890082533	0.0404996638292	0.00214529001276	
0.22125919763	0.0412364042407	0.00216320590812	
0.221628312727	0.0408555409025	0.00214986575233	
0.221997427824	0.0385523723897	0.0020884703204	
0.222366542921	0.0376810675213	0.00206154742388	
0.222735658018	0.0386948192754	0.0020880015294	
0.223104773114	0.0395056047843	0.00210890434911	
0.223473888211	0.039750141729	0.00211188380686	
0.223843003308	0.0393016245251	0.00209975875209	
0.224212118405	0.0378558284527	0.00205817367365	
0.224581233502	0.0380300517785	0.00206146752616	
0.224950348599	0.0406789754291	0.00213066684973	
0.225319463696	0.0409207778671	0.00213467999807	
0.225688578793	0.039504206545	0.00209654423467	
0.22605769389	0.0388117062695	0.00207508733402	
0.226426808987	0.039848556859	0.00210212234228	
0.226795924084	0.0411953053015	0.00213498865435	
0.227165039181	0.0423279527115	0.00216231952436	
0.227534154278	0.04116703453	0.00213216869129	
0.227903269375	0.0369014085231	0.00201470104257	
0.228272384472	0.036667354887	0.00200839790995	
0.228641499569	0.0379881224169	0.00204194964032	
0.229010614665	0.038131619725	0.0020631408619	
0.229379729762	0.0392466477707	0.00212350292107	
0.229748844859	0.0406702296554	0.00217463077222	
0.230117959956	0.0402815075153	0.00217615535732	
0.230487075053	0.0402987511754	0.00218475264929	
0.23085619015	0.041093218341	0.00221490849434	
0.231225305247	0.0423447354561	0.00225580070582	
0.231594420344	0.0427170815416	0.00227133188351	
0.231963535441	0.0413123081055	0.00224083303427	
0.232332650538	0.0389853203348	0.00218116223076	
0.232701765635	0.0384481260984	0.00217196788771	
0.233070880732	0.039084711521	0.00219455890833	
0.233439995829	0.0388436992237	0.00219204200095	
0.233809110926	0.0378852383438	0.00216988080963	
0.234178226023	0.0386232933326	0.00219348241741	
0.23454734112	0.039907058261	0.00223542464536	
0.234916456216	0.0400164191644	0.00224143589751	
0.235285571313	0.0394995586582	0.00223022909544	
0.23565468641	0.0385935259415	0.00220987338195	
0.236023801507	0.0387026408942	0.00221384799307	
0.236392916604	0.0393452371964	0.00223706362619	
0.236762031701	0.0389035214002	0.00222756823477	
0.237131146798	0.0388124731708	0.00222743467462	
0.237500261895	0.0399650367757	0.00226440776748	
0.237869376992	0.0392675012895	0.00224628658966	
0.238238492089	0.0369371852445	0.00218220166341	
0.238607607186	0.0364871547661	0.00217076008443	
0.238976722283	0.0389805058987	0.0022474251639	
0.23934583738	0.041826871781	0.00233050202541	
0.239714952477	0.0418646552275	0.00233318183244	
0.240084067574	0.0387927273983	0.00225027543815	
0.240453182671	0.0374371351892	0.0022108669635	
0.240822297767	0.0376339898505	0.00222064808366	
0.241191412864	0.0363526561542	0.00218492942017	
0.241560527961	0.0351537012164	0.00214907754156	
0.241929643058	0.0357051361906	0.00217015348855	
0.242298758155	0.0372383322886	0.00221671086821	
0.242667873252	0.0389120541457	0.00226890523603	
0.243036988349	0.0405380282616	0.00231847208844	
0.243406103446	0.0416014647637	0.00234985012821	
0.243775218543	0.0409240894865	0.00233379904989	
0.24414433364	0.0400453445133	0.00230930171098	
0.244513448737	0.0404549666511	0.00232443670617	
0.244882563834	0.0386743902635	0.00227371823131	
0.245251678931	0.037800834656	0.00225018718751	
0.245620794028	0.0390200826549	0.00228892137703	
0.245989909125	0.0398684265751	0.00231322072778	
0.246359024222	0.0397077220154	0.0023127541386	
0.246728139318	0.0401721427387	0.00232645674294	
0.247097254415	0.0421718650527	0.00238617339413	
0.247466369512	0.0435953075008	0.00242885202656	
0.247835484609	0.0429781378508	0.00241107571215	
0.248204599706	0.0410782676384	0.002361181357	
0.248573714803	0.0394436561996	0.00231407679744	
0.2489428299	0.0392701273455	0.00231086802984	
0.249311944997	0.0424379604458	0.00240489696591	
0.249681060094	0.0441685546205	0.00245335882293	
0.250050175191	0.0442369482749	0.00245879877765	
0.250419290288	0.0423137689102	0.00240457892962	
0.250788405385	0.0402614054049	0.00234837989611	
0.251157520482	0.0395239174583	0.00232806083871	
0.251526635579	0.0382908784046	0.00229214866002	
0.251895750676	0.0372043120811	0.00226230003084	
0.252264865773	0.037707554279	0.00227706733055	
0.252633980869	0.0392640773462	0.00232653220059	
0.253003095966	0.0404656955231	0.00236270975116	
0.253372211063	0.0412165074119	0.00238573942591	
0.25374132616	0.0416087541995	0.00239980993385	
0.254110441257	0.0409150338537	0.00237876548957	
0.254479556354	0.0405899800164	0.00237276478883	
0.254848671451	0.0391578189072	0.00233071512251	
0.255217786548	0.0392381227716	0.00233471206978	
0.255586901645	0.0400215744455	0.00236027245719	
0.255956016742	0.039260881924	0.00233631892493	
0.256325131839	0.0393862896566	0.0023442281176	
0.256694246936	0.0397002001853	0.00235308288335	
0.257063362033	0.0385893056603	0.00232120244815	
0.25743247713	0.0375433483112	0.00229234803991	
0.257801592227	0.038289996468	0.00231368088011	
0.258170707324	0.0386850052624	0.00232896030337	
0.258539822421	0.0365355044086	0.0022633247715	
0.258908937517	0.0370821578693	0.00228141780314	
0.259278052614	0.0371697868032	0.00228621030613	
0.259647167711	0.0372075028554	0.00228695036128	
0.260016282808	0.0362401195822	0.00225947219987	
0.260385397905	0.0363885924531	0.00226403810776	
0.260754513002	0.0372783986222	0.00229357728206	
0.261123628099	0.0374319984996	0.00229891289882	
0.261492743196	0.0382073035899	0.00232331843701	
0.261861858293	0.0400589512019	0.00238147555771	
0.26223097339	0.041234885931	0.0024147898412	
0.262600088487	0.0403402258187	0.00239206374655	
0.262969203584	0.0389901347709	0.00235139056318	
0.263338318681	0.0376219065067	0.0023101627487	
0.263707433778	0.0370123194967	0.00229498455114	
0.264076548875	0.0365508428224	0.002278027605	
0.264445663972	0.0356851204534	0.0022544037061	
0.264814779068	0.0358245314943	0.00225918198363	
0.265183894165	0.0360316041475	0.00226538084648	
0.265553009262	0.0366976718907	0.00228952189506	
0.265922124359	0.0377709979339	0.0023212128868	
0.266291239456	0.0401852071739	0.00239686134552	
0.266660354553	0.042700817811	0.00247134914721	
0.26702946965	0.0418256129783	0.00244650258124	
0.267398584747	0.0392885484702	0.00237287148016	
0.267767699844	0.0389483115361	0.00236195184536	
0.268136814941	0.0397357100405	0.00238841793006	
0.268505930038	0.0398280286923	0.0023906891117	
0.268875045135	0.0407007159196	0.00241866565736	
0.269244160232	0.039484631195	0.00238295300094	
0.269613275329	0.039471245281	0.00238230196298	
0.269982390426	0.0393397449435	0.00238165162992	
0.270351505523	0.0405726472718	0.00241651015265	
0.270720620619	0.0408752789285	0.0024283149194	
0.271089735716	0.0404386022163	0.00241626698159	
0.271458850813	0.0402260892116	0.00240886491423	
0.27182796591	0.042124599917	0.0024690370804	
0.272197081007	0.0395582188629	0.00239063024843	
0.272566196104	0.0387414457139	0.00236807982232	
0.272935311201	0.0410921377073	0.00243974107866	
0.273304426298	0.0426096107789	0.00248382898657	
0.273673541395	0.0404631275657	0.00242384091052	
0.274042656492	0.0390144819513	0.00237800700714	
0.274411771589	0.0375611663726	0.00233567767143	
0.274780886686	0.0369691274592	0.00231758903288	
0.275150001783	0.0375755860541	0.00233682403826	
0.27551911688	0.0384812732779	0.00236701091396	
0.275888231977	0.0389715742095	0.00238051471146	
0.276257347074	0.0370138780881	0.00232286403838	
0.27662646217	0.0364987210324	0.0023060649347	
0.276995577267	0.0372993931269	0.00233209324236	
0.277364692364	0.0391150196162	0.00239009846065	
0.277733807461	0.0404811303806	0.00243004532784	
0.278102922558	0.039917868471	0.00241608317734	
0.278472037655	0.0411632813614	0.00245254812606	
0.278841152752	0.0399246776252	0.00241653372767	
0.279210267849	0.0389191034407	0.00238736658544	
0.279579382946	0.0404630810868	0.00243326025669	
0.279948498043	0.0414523024562	0.00246586702659	
0.28031761314	0.0410115898289	0.00245114500744	
0.280686728237	0.0383455720253	0.00237209861711	
0.281055843334	0.0379246834099	0.00235974647154	
0.281424958431	0.0383201147746	0.00237136770901	
0.281794073528	0.0397720061632	0.00241907948415	
0.282163188625	0.0394980790809	0.00240853442193	
0.282532303721	0.0399635533251	0.00242532655301	
0.282901418818	0.0404961895338	0.00244147720569	
0.283270533915	0.0396279410383	0.00241469700326	
0.283639649012	0.0399968748003	0.00242961490863	
0.284008764109	0.0392465160805	0.0024038204544	
0.284377879206	0.0379060364753	0.00236494848309	
0.284746994303	0.0369782628808	0.00233640868406	
0.2851161094	0.0377461522677	0.0023599112605	
0.285485224497	0.0395991667457	0.00242014896676	
0.285854339594	0.0394714970416	0.00241423714969	
0.286223454691	0.0398026667232	0.00242655302109	
0.286592569788	0.0391089734901	0.00240567947635	
0.286961684885	0.0408692444221	0.00245900023311	
0.287330799982	0.0427766016055	0.00251771527456	
0.287699915079	0.0439911602739	0.00255258227811	
0.288069030176	0.0427329656948	0.00251756662744	
0.288438145272	0.0411968429774	0.00247123939963	
0.288807260369	0.040923644064	0.00246446598322	
0.289176375466	0.0401454987276	0.00244169455276	
0.289545490563	0.0400192621218	0.00243718997279	
0.28991460566	0.0405609229774	0.00245638174275	
0.290283720757	0.0409478634275	0.00246598833428	
0.290652835854	0.0412801447288	0.00247845391039	
0.291021950951	0.0427382294266	0.00252219702962	
0.291391066048	0.0432490592997	0.0025360562527	
0.291760181145	0.0420075235215	0.0025034973331	
0.292129296242	0.0384528979289	0.00239206822281	
0.292498411339	0.0391509361615	0.00241607417134	
0.292867526436	0.0407458740132	0.00246588835715	
0.293236641533	0.0386161530165	0.00239889980144	
0.29360575663	0.0381398085269	0.00238806866786	
0.293974871727	0.0382204005603	0.00238789067875	
0.294343986823	0.0386816901571	0.00240392058174	
0.29471310192	0.0399347712861	0.00244383408397	
0.295082217017	0.0407228282411	0.00246654410883	
0.295451332114	0.0405291430513	0.00246361511685	
0.295820447211	0.0409253870216	0.00247414078134	
0.296189562308	0.0382403795017	0.00239273310328	
0.296558677405	0.0382534830566	0.00239366789606	
0.296927792502	0.0410463405293	0.00247967365528	
0.297296907599	0.0419597393719	0.00250844644024	
0.297666022696	0.0396754385683	0.00243853122544	
0.298035137793	0.0376357998151	0.00238414188797	
0.29840425289	0.036784644698	0.00246096399613	
0.298773367987	0.0341143953807	0.00244425304243	
0.299142483084	0.0343410910246	0.0024979519482	
0.299511598181	0.0388887953455	0.00268534943946	
0.299880713278	0.0418476245956	0.00281058283251	
0.300249828374	0.0402172078745	0.00277587055171	
0.300618943471	0.0390671192694	0.00275799018969	
0.300988058568	0.0397832075705	0.00280264061334	
0.301357173665	0.040375542012	0.00284151698084	
0.301726288762	0.0378598941917	0.00277062646076	
0.302095403859	0.0352502343396	0.00268945333641	
0.302464518956	0.0362308021184	0.00274333500454	
0.302833634053	0.040623874731	0.00292285109282	
0.30320274915	0.040419913838	0.00293096381984	
0.303571864247	0.0379822374176	0.00285877435958	
0.303940979344	0.0379476288651	0.0028732044055	
0.304310094441	0.0379825860091	0.00288886123947	
0.304679209538	0.0367345060063	0.00285738483177	
0.305048324635	0.0345682994854	0.00278622953161	
0.305417439732	0.0358056052992	0.00284997332843	
0.305786554829	0.0385304471457	0.00297220693414	
0.306155669925	0.0400745487354	0.0030455832641	
0.306524785022	0.0413781996475	0.00311175713935	
0.306893900119	0.0420341442933	0.00315187122376	
0.307263015216	0.0430993392458	0.00320652739836	
0.307632130313	0.0420212154214	0.00318255230767	
0.30800124541	0.0385103760211	0.00306126845493	
0.308370360507	0.0374384164566	0.00303260319865	
0.308739475604	0.0392771107955	0.00312159259167	
0.309108590701	0.0389732823079	0.00312359044755	
0.309477705798	0.0366480247131	0.00304410463692	
0.309846820895	0.0372410404573	0.00308377362876	
0.310215935992	0.0403771726456	0.00322565355192	
0.310585051089	0.0424718357941	0.00332417774153	
0.310954166186	0.0439585940803	0.00339757120031	
0.311323281283	0.0432447793706	0.00338542671737	
0.31169239638	0.0421846738541	0.00335941562166	
0.312061511476	0.0418582217775	0.00336185221249	
0.312430626573	0.0402614092781	0.00331249461101	
0.31279974167	0.0397636283473	0.00330783973375	
0.313168856767	0.0390366717376	0.00329281219204	
0.313537971864	0.0390378414557	0.00330193661458	
0.313907086961	0.0393296706488	0.00331749367164	
0.314276202058	0.0394998607708	0.00332484035349	
0.314645317155	0.0413161581051	0.00340101985498	
0.315014432252	0.0412275345233	0.00339940112218	
0.315383547349	0.0383422154764	0.00327799156945	
0.315752662446	0.0360778967128	0.00318149982326	
0.316121777543	0.0349358059589	0.00313223978271	
0.31649089264	0.0358823581781	0.0031735205882	
0.316860007737	0.0353670694323	0.00315252980533	
0.317229122834	0.0340115132442	0.00309213900548	
0.317598237931	0.034715881124	0.00312902722788	
0.317967353027	0.0357842691748	0.00318912962429	
0.318336468124	0.0372705444682	0.00326952977348	
0.318705583221	0.0386243921705	0.00334224227677	
0.319074698318	0.0410360028544	0.00345920933664	
0.319443813415	0.0405898134671	0.00345560982075	
0.319812928512	0.0403878124331	0.00346140237598	
0.320182043609	0.0413706778174	0.00351780789822	
0.320551158706	0.0419071640256	0.00355728863788	
0.320920273803	0.0412122894546	0.00354238216053	
0.3212893889	0.0428549727236	0.00362806738694	
0.321658503997	0.0434004022407	0.00366683686125	
0.322027619094	0.0400375012043	0.00353667574758	
0.322396734191	0.0387453228261	0.00349484171153	
0.322765849288	0.0397140934936	0.00355317696461	
0.323134964385	0.0404462286239	0.00360313110726	
0.323504079482	0.0390708065929	0.00355590318865	
0.323873194578	0.0365777521504	0.00345637776781	
0.324242309675	0.0356825025312	0.00342811371185	
0.324611424772	0.0364331211453	0.00347990758648	
0.324980539869	0.0385792631262	0.00359630452897	
0.325349654966	0.0408685278729	0.00371976281068	
0.325718770063	0.0416499615893	0.00377094660486	
0.32608788516	0.0404801349581	0.00373529901156	
0.326457000257	0.0381989280978	0.00364374839818	
0.326826115354	0.0397006184951	0.00373250426041	
0.327195230451	0.0421987414581	0.00386506540901	
0.327564345548	0.041896183393	0.00387037102929	
0.327933460645	0.0418859657885	0.00388740956795	
0.328302575742	0.0432601096506	0.00396844612735	
0.328671690839	0.0444385155061	0.0040414506438	
0.329040805936	0.046340856845	0.00414512487967	
0.329409921033	0.0469142279083	0.00419196108827	
0.329779036129	0.0436562606631	0.00406320891419	
0.330148151226	0.0416731816571	0.00398811510314	
0.330517266323	0.0412965750087	0.00398982021881	
0.33088638142	0.0389899759681	0.00389433875454	
0.331255496517	0.0413559556359	0.00403023271335	
0.331624611614	0.0444797500086	0.00420175199731	
0.331993726711	0.0428051241375	0.00414132696388	
0.332362841808	0.0398583212945	0.00401639758573	
0.332731956905	0.0413967098567	0.00411320862617	
0.333101072002	0.0420936759768	0.00416727285852	
0.333470187099	0.0414947531557	0.00415948162513	
0.333839302196	0.0431101223432	0.00426235175227	
0.334208417293	0.0449882133326	0.0043752317439	
0.33457753239	0.0448085221553	0.00438896010429	
0.334946647487	0.0404243332037	0.00419041665046	
0.335315762584	0.0413013274729	0.0042565234487	
0.33568487768	0.0446957063227	0.00445273796451	
0.336053992777	0.0445210232435	0.0044687127718	
0.336423107874	0.0439551159117	0.00446267345813	
0.336792222971	0.0432993649279	0.0044518692196	
0.337161338068	0.0395975206192	0.00428043345311	
0.337530453165	0.039345182971	0.00429191447833	
0.337899568262	0.0433865980169	0.0045313382331	
0.338268683359	0.0436210296811	0.00456752768445	
0.338637798456	0.0415201693501	0.0044815615069	
0.339006913553	0.0404957479846	0.00445047857347	
0.33937602865	0.0410768267935	0.00450824459885	
0.339745143747	0.0431744103643	0.00464850507412	
0.340114258844	0.0463509931114	0.00484445056803	
0.340483373941	0.0455013865153	0.00482778006492	
0.340852489038	0.042973993485	0.00471811659552	
0.341221604135	0.0420116407746	0.00469315242337	
0.341590719232	0.0424340446011	0.00474545440273	
0.341959834328	0.0411713841774	0.00470374665671	
0.342328949425	0.0403387384949	0.0046831091875	
0.342698064522	0.0411493338278	0.00475778983723	
0.343067179619	0.0440622342097	0.00495473901147	
0.343436294716	0.038329718858	0.00465090548607	
0.343805409813	0.0361466017756	0.00454608537091	
0.34417452491	0.0384177262074	0.00471549749906	
0.344543640007	0.0401728825273	0.00485193039869	
0.344912755104	0.0382391695018	0.00476610312714	
0.345281870201	0.0396798075819	0.00488723402581	
0.345650985298	0.0414321538669	0.00502764651738	
0.346020100395	0.0416748548964	0.00507598987518	
0.346389215492	0.0436970613628	0.00523174115216	
0.346758330589	0.0426245343688	0.00520556869588	
0.347127445686	0.0386732523059	0.00499237032189	
0.347496560783	0.0371005948743	0.00492304931647	
0.347865675879	0.0395914280142	0.00512170809213	
0.348234790976	0.0383053050579	0.00507492379345	
0.348603906073	0.0360662014676	0.00496342701448	
0.34897302117	0.0396703181463	0.00524269113344	
0.349342136267	0.0444821397971	0.00559175593288	
0.349711251364	0.0422355565949	0.00548860799857	
0.350080366461	0.0423300597535	0.00553824252894	
0.350449481558	0.0445267052851	0.00572704414014	
0.350818596655	0.0467245515208	0.00591353373547	
0.351187711752	0.0456490576257	0.00589031566698	
0.351556826849	0.0455125414436	0.00592760000591	
0.351925941946	0.0435411751124	0.00584983138146	
0.352295057043	0.0428085558273	0.00584846091263	
0.35266417214	0.0390702411	0.00563308089039	
0.353033287237	0.0434069906202	0.00598690477273	
0.353402402334	0.0447581468088	0.00613303561799	
0.35377151743	0.0417151946807	0.005978878365	
0.354140632527	0.0449398404507	0.00626112216218	
0.354509747624	0.0492044741338	0.00660958175833	
0.354878862721	0.0447875446929	0.00636281491726	
0.355247977818	0.0408231180188	0.00613734007236	
0.355617092915	0.0439804391483	0.00643185223252	
0.355986208012	0.0490792406969	0.00685907432858	
0.356355323109	0.0438443102902	0.0065456652355	
0.356724438206	0.041858407693	0.00646206667721	
0.357093553303	0.0396828054689	0.00636203604914	
0.3574626684	0.0394838875331	0.00641112975414	
0.357831783497	0.0379925801277	0.00635459728087	
0.358200898594	0.0409228306838	0.00666792803915	
0.358570013691	0.0428702991303	0.00691038572161	
0.358939128788	0.0408446454812	0.00682111061312	
0.359308243885	0.0367918314929	0.00654729417174	
0.359677358981	0.0418715689591	0.00706569424317	
0.360046474078	0.0434206399145	0.00728868524309	
0.360415589175	0.042751053721	0.00732675166758	
0.360784704272	0.0443447831221	0.00755492823346	
0.361153819369	0.039333466423	0.00720591575991	
0.361522934466	0.0336687532821	0.00675759794174	
0.361892049563	0.039653248782	0.00744495346517	
0.36226116466	0.0461743424268	0.00814462512721	
0.362630279757	0.0430044642563	0.00797136485692	
0.362999394854	0.0366820491812	0.00746914901814	
0.363368509951	0.0368786292298	0.00762069220866	
0.363737625048	0.0391342270084	0.00797245990665	
0.364106740145	0.0453957439213	0.00872343123019	
0.364475855242	0.0482860478269	0.00914467387467	
0.364844970339	0.0480441059523	0.00929735143613	
0.365214085436	0.0411389380543	0.00876240870349	
0.365583200532	0.0409882032118	0.00890605155709	
0.365952315629	0.0427673368178	0.00927132829205	
0.366321430726	0.0396201984336	0.00911653163874	
0.366690545823	0.0386429604783	0.00920414003073	
0.36705966092	0.0438034476186	0.0100089853597	
0.367428776017	0.0485881217372	0.0107764440672	
0.367797891114	0.0513946010041	0.0113594403716	
0.368167006211	0.0603572063506	0.0126489870286	
0.368536121308	0.0616270671256	0.0131119024423	
0.368905236405	0.0514111668474	0.0123018447772	
0.369274351502	0.0476033662123	0.0121929321153	
0.369643466599	0.0477911524591	0.0126474424971	
0.370012581696	0.0448124418732	0.0126482029549	
0.370381696793	0.0457082871966	0.0132211652365	
0.37075081189	0.0544658665094	0.0149882263994	
0.371119926987	0.0590217445265	0.0163517651828	
0.371489042083	0.05876591709	0.017047953906	
0.37185815718	0.0555970730744	0.017397378881	
0.372227272277	0.0424480463601	0.0160385928448	
0.372596387374	0.0355341636743	0.0157563464479	
0.372965502471	0.0316879854379	0.015940440181	
0.373334617568	0.0384645126107	0.0190214459386	
0.373703732665	0.0496870177424	0.0237753388525	
0.374072847762	0.0560921311182	0.0291646294145	
0.374441962859	0.0475381292477	0.0315931467573	
0.374811077956	0.0293357267193	0.0316172060475	
0.375180193053	0.0392284822797	0.0252293376085	
